500
8 1 3 5 2 0 3 0 6 8 2 8 3 4 9 8 2 6 1 6 0 2 1 9 1 4 4 2 6 0 2 3 6 7 8 2 2 4 7 8 2 4 8 7 9 7 8 7 3 6 5 2 6 1 4 1 5 4 4 1 0 5 2 0 0 9 9 4 4 7 4 3 2 4 5 0 3 0 6 0 4 3 6 9 2 9 4 5 1 5 7 3 9 9 8 7 4 5 8 9 8 7 3 8 5 7 0 8 9 8 8 2 3 0 1 6 5 4 0 3 4 8 6 7 9 6 5 3 8 6 4 4 0 0 6 4 4 9 4 8 4 1 8 8 1 3 6 8 7 0 4 7 9 1 9 7 5 1 3 2 5 2 8 2 4 4 0 4 7 4 0 1 9 6 2 5 1 7 1 7 3 3 3 8 9 7 0 0 4 0 6 9 8 7 4 0 0 7 1 7 7 9 3 0 3 3 2 6 7 5 5 7 4 1 1 7 6 7 6 7 9 3 4 3 8 3 0 9 0 4 3 3 6 5 6 4 4 4 6 2 4 6 8 3 8 7 8 1 8 7 5 1 3 2 9 3 4 0 8 4 0 5 3 9 7 9 2 4 0 3 3 9 7 9 3 1 2 5 5 9 1 1 8 7 2 3 5 4 8 2 4 4 5 6 1 4 5 6 7 2 0 2 6 4 8 0 0 4 1 6 6 7 7 0 0 2 8 2 0 3 4 3 3 4 0 0 9 3 6 8 5 7 9 1 7 8 6 4 9 5 3 6 0 9 2 0 6 7 2 5 9 3 7 0 4 8 4 7 1 1 5 7 4 6 4 7 4 2 8 6 7 5 0 8 3 6 3 2 2 3 1 6 9 7 4 7 5 9 5 8 4 7 0 6 7 8 4 6 8 1 4 6 2 5 1 4 7 6 1 0 4 6 2 4 6 0 1 3 4 1 9 2 7 0 4 7 9 2 9 5 5 4 0 5 6 7 9 9 1 6 7 9 8 3 5 9 6 2 5 3 0 8 3 7 2 4 8 4 8 1 9 1 3 8 5 9 6 6 9 7 5 7 5 1 5 2 6 1 8 4 7 5 1 8 8 4 1 2 4 5 0 8 5 2 7 6 4 6 9 2
500
76 232
275 408
207 368
194 421
25 44
226 259
64 100
302 320
120 156
72 89
5 50
5 10
73 175
124 180
35 57
270 425
144 174
314 455
3 5
324 337
98 121
313 467
51 67
29 140
83 97
146 217
11 15
44 127
215 345
1 1
103 192
322 355
135 254
24 31
253 288
18 422
26 26
11 428
226 390
6 323
59 356
133 205
187 290
35 478
56 126
57 57
254 269
221 221
7 366
57 190
257 410
428 487
63 483
57 384
389 489
49 122
191 481
285 473
61 180
191 321
201 207
163 262
48 93
97 178
254 372
317 377
143 213
7 10
150 446
272 461
194 329
66 95
130 142
421 489
467 495
95 153
6 8
331 457
33 286
6 117
24 24
119 388
10 15
52 237
127 229
42 140
158 185
2 2
402 441
62 109
72 94
8 473
227 303
100 298
7 11
43 203
27 36
357 406
132 480
370 421
363 375
6 289
17 109
47 377
205 406
13 76
131 410
265 287
67 102
138 329
55 244
55 68
40 286
29 433
17 46
143 282
171 321
88 127
1 1
175 218
18 27
411 488
49 193
11 29
25 72
320 445
130 274
132 348
42 78
94 159
189 235
14 44
204 466
172 228
113 270
27 31
29 190
19 59
102 466
394 444
29 42
153 164
201 432
368 415
175 410
57 93
107 379
214 435
8 370
162 318
111 403
160 322
203 474
36 90
60 334
142 244
8 70
61 388
68 94
125 376
74 176
279 363
17 84
131 150
16 21
218 442
29 201
61 67
81 156
25 73
41 175
82 377
17 111
7 142
195 448
233 344
302 499
163 252
1 4
385 390
38 104
73 336
40 274
138 248
126 135
37 279
360 451
152 295
8 42
55 265
203 263
233 435
340 396
345 362
147 406
317 359
220 230
39 284
410 476
12 80
2 79
157 406
357 434
111 417
36 173
124 255
51 315
274 465
20 77
114 179
139 299
189 229
348 403
162 189
81 311
78 282
69 244
247 268
241 402
120 204
149 275
123 494
350 494
223 290
324 417
277 312
12 38
42 408
355 360
49 148
125 253
18 79
49 351
33 266
5 21
65 316
61 280
71 452
427 434
65 465
228 249
346 489
99 255
2 111
212 496
163 269
75 128
45 127
10 351
396 420
142 159
49 149
8 13
126 215
301 346
45 88
12 71
53 58
81 162
169 219
32 367
282 352
262 304
36 157
31 53
344 405
287 334
135 139
48 297
90 491
249 291
372 453
30 38
424 486
240 248
274 385
395 494
31 281
262 459
45 67
107 459
479 483
18 40
53 153
39 312
89 110
77 299
358 361
145 270
315 327
240 312
396 494
49 288
5 96
110 319
29 59
29 39
93 264
152 153
262 369
136 239
7 19
11 20
51 116
39 48
14 19
49 235
369 477
96 125
221 384
96 152
37 38
74 421
84 285
14 19
156 393
30 149
188 285
228 378
49 489
187 347
310 391
174 439
89 157
23 42
5 426
7 72
205 412
46 123
294 398
100 372
28 106
243 274
154 329
54 143
25 25
51 303
75 123
19 126
170 201
58 270
131 318
33 437
279 325
137 167
122 342
126 183
308 391
14 78
20 191
82 329
3 5
162 249
177 246
188 344
147 210
155 433
30 44
140 218
20 193
280 465
161 211
2 5
180 334
77 150
177 299
3 28
103 175
157 176
38 182
107 147
18 20
39 387
84 440
34 164
91 131
50 87
241 483
108 469
35 57
116 309
375 432
158 178
52 55
205 272
402 469
87 209
2 7
129 381
94 229
172 333
31 260
26 71
370 491
467 483
128 153
91 268
145 491
166 461
78 135
67 154
288 464
166 174
8 246
236 358
251 256
47 64
236 472
319 380
364 455
102 499
16 450
406 434
38 228
90 405
221 406
173 364
38 215
232 336
157 319
262 423
292 449
228 306
97 127
368 371
36 179
12 318
83 280
213 375
14 51
120 312
57 95
311 377
62 353
108 197
80 308
170 411
364 392
14 253
299 321
41 131
91 355
251 479
205 211
184 391
304 416
40 68
161 203
89 90
77 364
45 408
123 266
7 14
13 253
36 176
153 153
114 408
233 294
79 138
176 314
39 139
118 239
28 332
22 162
136 333
239 350
3 94
126 285
23 156
20 87
151 427
110 193
141 342
118 161
61 228
64 130
67 274
73 215
4 113
84 211
116 129
13 72
40 226
80 120
50 422
47 72
108 367
147 315
266 306
178 276
385 492
343 472
169 308
189 465
133 158
4 292
29 162
208 374
28 88
83 105