8040
16239 3347
20636 4743
16534 8489
15261 6772
21145 9629
21863 6532
10429 7684
15353 3756
9876 3415
29209 7107
31940 499
574 4251
779 2193
18604 81
29568 9289
10465 9811
27420 2738
12848 3859
21368 365
30636 4889
6616 7635
8007 8141
22377 8508
27707 8613
20167 994
18601 523
25282 3254
4736 2355
27234 4865
12193 7180
1577 5436
11585 7556
23191 5908
28302 1665
21492 6760
11925 8094
22345 5542
22883 7634
1200 2838
106 4599
28365 9268
28199 8602
27549 2019
7426 110
25198 1168
5494 7782
15151 7253
30577 883
21226 799
13054 7114
6543 9715
13345 8538
15603 5884
1538 4220
1304 5016
12622 9068
17839 8019
23003 695
2267 564
24459 1029
22328 1863
1650 649
16668 9963
27195 4887
3357 4573
16583 5494
12243 260
12312 3862
28895 7646
15214 8979
24875 1147
2991 7626
1652 1785
5900 3563
24582 8256
27618 5184
10439 9695
8926 9181
31351 8853
15461 3993
13878 3605
27955 7804
22087 8868
7746 5497
3347 1797
9197 398
21873 1239
28757 2441
22564 1549
17668 9677
19109 5598
10192 5366
11044 1086
7938 9721
32201 349
30904 5344
28479 718
8584 9685
115 7771
20070 5900
8089 2983
32200 1605
21105 9828
5128 3938
21960 1975
5897 5078
22081 4856
19741 927
9813 1678
17190 2182
5529 2634
32252 7109
19775 722
23311 5880
21984 7570
25678 3014
10873 606
6983 3137
31923 7051
32655 3564
3687 5246
21604 8750
17505 2197
27025 3941
22116 1861
27538 4956
16495 564
32505 6783
22847 2104
11024 4078
12821 1695
22464 4112
9145 4977
25265 7402
11455 4178
4019 1025
1289 1692
22621 4316
2701 8317
24307 8573
27480 173
2189 2770
12499 6291
630 1815
4166 5336
14035 3838
9370 6412
29829 1953
30051 3927
20048 9751
28446 4243
30012 2582
12470 9160
4667 2809
21070 2280
25357 1714
2362 9901
7777 528
19790 9263
25405 8980
25436 106
14239 7665
28920 815
23141 3091
32126 8970
27754 7409
1111 1412
13554 2757
31863 9178
1352 4364
31018 8750
32677 6809
18449 3548
17748 543
12391 2832
20500 543
14217 2550
31422 1630
3766 9602
32039 2331
3603 5297
24392 9472
24818 2687
10140 1558
18259 9722
18634 4830
4267 9687
4740 29
13285 7300
10671 9767
10407 414
19396 2560
26070 8020
24950 287
10588 300
9365 5507
27945 2852
23858 747
11639 7899
31236 1089
25683 753
2058 1926
24153 5420
19826 2404
19647 2092
3002 7023
14485 2722
11541 4878
15178 8316
24848 4521
8307 500
27765 2243
21704 795
12399 2378
18031 4176
11504 3405
6782 1445
592 2477
23483 9107
13879 9382
1702 2540
16316 1312
5817 4370
7886 66
30958 4455
723 934
1922 6164
17552 419
29432 1966
14153 8454
15458 2549
5417 2658
9436 7423
2788 1786
13913 3973
9882 8509
18850 2476
11775 9042
11675 4503
8121 19
21448 6667
25609 9694
9745 6083
28846 1705
27074 1189
25606 4935
21462 8580
23415 185
12917 759
2317 1494
20411 8843
19556 2814
29115 2180
21193 1259
7108 634
668 4890
29923 7169
13816 6680
30632 6345
2199 6032
20269 6968
15599 2420
1365 8964
31905 9418
26194 8278
30740 3417
15722 8139
10589 4659
20218 6685
15971 8118
13243 337
28224 318
31044 9090
15850 2413
11216 4174
30738 4350
11586 5327
23628 4454
32102 7693
18801 2044
22394 7714
26433 4010
18669 3583
4941 3588
9574 4701
5397 8249
31752 9558
23917 1272
29173 308
21797 9285
9744 6858
32488 1404
520 434
28773 3684
7314 1591
26285 8008
4341 1557
31196 4370
28620 797
13308 4009
11527 4157
3878 6621
12084 1535
7914 5439
25597 5153
26866 9863
32241 4517
12513 7425
16263 3978
15233 2935
30559 1386
19742 1045
4556 5973
26413 8536
25488 7167
2354 281
4582 2197
30944 5609
15302 7878
21889 2605
18532 1631
31384 8587
32506 2871
30149 9205
19399 8557
5098 4135
22103 4031
18828 3148
19718 9116
31356 4117
2496 1212
25782 6092
29706 2414
12937 7766
17478 3026
30712 2503
3122 8040
8033 75
10419 7705
2396 1794
209 8757
25574 4923
13826 8684
31935 100
10667 5585
4880 7201
31716 1515
27729 619
26492 382
12394 7515
7996 1482
20760 8663
4208 5283
147 812
11940 401
31598 1261
11436 8376
10686 2043
18151 730
23422 8710
708 9196
9266 211
1924 2262
6603 6830
29762 2591
31435 6689
22321 584
32681 1173
10790 7320
23415 4697
30806 712
12226 4705
4448 4896
30650 2416
28046 2226
11922 1274
10071 212
13610 8515
11817 7700
15084 3180
5734 5815
11764 1759
10925 1571
30323 2840
8794 9023
341 5799
8528 151
24097 244
25846 3315
29729 2066
17023 2522
4804 9415
23151 8115
24896 6586
9562 7677
29051 222
15855 7744
31276 9374
3126 4675
31805 3033
13846 1711
22389 7297
31002 1364
4691 9790
20853 9547
22845 2728
4675 3804
30938 7477
21265 7136
22460 4608
22176 409
13122 8459
20198 2513
9148 8054
8790 4032
11217 2144
5729 4226
22302 2541
829 2601
11296 744
29925 5951
30036 2475
23905 3854
9628 6366
15431 9651
23525 6332
24450 5872
18951 2188
8530 6242
748 958
18324 1074
29685 6052
26692 784
3481 6755
30528 2172
24400 4298
24910 2407
10927 9555
22625 3290
12756 5239
13592 20
17668 3991
4488 7946
21395 2264
315 4266
1028 8655
2680 2834
6002 9965
17605 8655
7215 876
16555 8455
13226 2667
7353 2474
28566 2391
27596 5559
2632 7051
20621 123
32353 3384
29242 576
16814 2264
11946 8371
10060 1888
11659 4710
11536 1812
14575 488
14373 6640
32519 8193
1271 1860
8493 3394
20048 8511
13352 9708
28609 3008
5548 4449
1860 8792
15137 536
23071 2324
23973 9556
268 3274
10068 3863
8086 3313
17863 6451
10950 7030
1498 962
767 604
23731 9926
25895 5620
512 4851
30471 5342
32639 7772
29429 831
22980 7435
14000 3603
13879 8037
14731 2836
8796 4125
11726 2747
24663 392
20825 1367
23727 9170
12682 6956
12626 4974
26209 3294
23001 5699
2274 7310
32014 8549
26811 7524
28587 3714
17703 2750
21605 479
3346 2471
32041 3857
27262 8347
29094 5376
7461 3610
16139 8056
26720 7228
29970 1731
6215 4052
29757 2564
25114 5960
29023 4453
9184 7071
21087 179
18253 5740
18489 5528
19433 4250
19013 7017
15471 441
22204 3681
4979 3432
7288 8462
21320 5987
29179 1531
21793 6751
15795 3054
4982 3827
13181 2370
29610 2313
2919 4936
21226 8502
5562 5513
23128 7654
20536 399
24169 2076
24738 9573
19851 9609
6269 8524
29196 1593
26134 463
2871 3190
22212 3145
448 8
3693 5638
15202 730
22603 4455
20934 9059
13552 1978
12455 1267
2440 9162
24372 92
21599 5458
30901 5556
2723 7512
6258 3432
874 1063
15568 2578
5110 1645
26046 1854
16696 2343
29263 1674
10900 2506
424 924
4580 1220
23325 9384
9407 5761
8599 5122
27387 4034
22073 2097
32368 4763
28227 1909
28671 2316
54 459
32212 7426
19513 7742
32487 5951
9147 207
10185 6760
29786 5864
3229 7677
31235 2638
1124 8254
23643 3286
20863 8908
15198 233
13166 2445
28486 2922
17886 5188
32687 856
20707 7729
5624 7071
28290 2981
28396 7732
10610 3880
4002 4976
31011 3310
16801 1836
16128 7528
6728 7263
10482 2903
4462 68
7461 5558
27461 1695
4878 4329
31108 4129
32173 2624
30661 7498
11023 864
1835 8591
15640 9972
3401 9308
8063 3760
31295 5195
7962 71
14886 7990
1628 829
21935 4649
25372 4703
1542 1708
22935 9137
16381 815
10425 9480
31334 6007
17304 6250
13248 9000
9282 131
31511 2003
15288 6650
37 5571
9018 5203
28349 1890
29381 6709
6506 6129
24795 3310
14163 4696
3970 2694
14689 6090
10895 6802
31396 9533
15140 2234
20467 2584
21624 589
15059 8926
32214 3283
17307 459
32233 2308
16085 252
27446 2711
486 6835
9706 413
19186 3419
7894 7295
24570 9769
4024 3156
10567 4340
2236 3896
19212 7607
30530 410
583 9732
2530 4181
18664 4763
5549 1906
1333 8779
24758 4059
18541 3736
30162 2338
24747 4430
26011 4451
16910 1845
6331 9944
2839 2182
5991 5532
10322 2508
27177 1490
23353 5102
30691 4615
10325 796
1297 6277
28838 5272
14414 4121
14917 1208
18458 3783
27720 2537
13786 7660
486 6950
14880 1397
30940 1368
17965 5118
32526 2064
16052 1325
9074 6740
21473 769
3626 2742
6810 1605
1008 8555
19205 5481
14519 5498
18506 2275
13711 6339
21914 8561
21962 1587
7280 114
8029 5701
26646 2614
31369 9530
14956 4708
3258 7373
7653 811
15023 2192
22738 1370
5595 171
26083 5475
14603 5799
21994 5405
22602 5461
32483 9082
2049 2436
7218 3225
32611 3
17451 4429
23048 4499
22231 4797
7384 753
18933 9357
555 8147
30272 7420
20783 8225
18928 5119
17545 406
1155 1903
17471 5014
24509 2063
30421 8050
18926 1761
28086 8426
5491 1721
28886 6739
16767 7585
11670 1657
16412 239
19688 4246
23916 8900
13491 1844
11317 1878
30841 5024
7068 2256
15671 6671
6705 2328
5260 9925
27180 1282
4894 5075
2806 1027
9786 3425
23532 1897
27834 5885
23647 9273
5932 1538
11487 6088
4912 3949
13753 7966
1570 5532
5822 3624
23289 360
17478 1149
26479 5892
30069 8484
27747 614
18365 1940
30075 838
15268 9387
23565 7492
28360 5955
28992 8479
14112 6562
4974 179
900 9281
13005 9683
9584 7695
2383 9800
26629 1782
2502 2264
6224 4591
19020 3962
25295 2194
28130 969
10801 4545
20823 4327
15198 1765
32620 2628
695 728
12341 2735
9887 933
22466 2636
11066 1757
2047 4199
884 5628
10713 6152
13126 1963
20898 600
26421 1511
12983 2146
9499 225
30304 5261
31273 1863
31223 4490
18989 132
14413 2073
9233 4484
25161 1424
16292 5930
27346 2094
2206 7141
2543 3149
23262 5792
31533 1495
21493 1593
31554 2875
24040 9349
18671 191
22322 3394
11563 6440
31753 8076
20093 5208
29922 6244
21418 8791
11831 5934
6544 1973
23944 1690
82 719
22432 8566
5045 8640
7193 2290
4810 1834
14882 4900
6862 4501
29312 2716
31054 1031
15059 4538
27022 4644
1563 6207
16684 1048
30330 322
20481 4419
23612 8324
30536 8197
9748 3910
15362 7818
9896 6505
22681 6807
21328 5461
4547 5670
24603 2639
21161 9918
23828 1253
21577 3911
14531 812
21528 220
19446 7708
7660 2737
21185 3609
27930 5095
30403 2742
26843 3070
20139 2517
16373 2987
30459 7986
10135 1130
10252 5185
16772 7702
27986 1093
11635 326
25058 1251
18870 2970
5681 5077
26395 6791
799 7795
29712 8334
11828 1583
25354 2228
25385 3360
20519 5742
9898 6722
10770 4875
18010 1596
25127 854
10776 4226
26583 9468
19073 2395
29518 5067
28853 9478
25428 4700
9054 345
12913 6706
25839 9786
18261 4147
10026 1281
9334 2311
6117 1517
15099 1918
11021 6790
25817 6023
1515 1956
19004 7935
12198 8334
13864 2454
11018 789
7776 2840
23943 2706
25223 6410
26493 5069
1669 3172
20919 2208
27692 4574
13365 7819
20508 5534
14894 441
3555 6193
10069 115
28521 8887
16988 2371
2956 1252
18614 7260
30727 1380
20386 4472
21144 1055
13925 2450
25954 2974
3542 6821
27280 7357
6432 8372
13115 17
19396 1436
13709 2827
26845 8439
17959 8205
10152 7026
193 9453
323 7201
9232 7048
2997 2754
25837 1657
1583 2543
31923 9946
31378 6712
30441 1817
6192 7056
545 6223
11223 9575
18463 3726
22796 8424
4414 8329
30868 1267
14096 6920
16441 1758
10821 3755
6090 3880
4046 5567
16228 6030
14658 4271
10992 993
31872 4829
14061 5048
11926 7729
6768 6642
17889 9633
14952 5470
26486 7186
16935 3279
25537 9229
9502 2138
26220 278
28136 7858
23938 8617
32395 7494
23509 2694
9722 6921
31389 2367
11998 1890
32353 4670
19349 6405
17179 397
891 9506
13207 2032
1385 460
20508 5526
892 3453
2126 880
31768 3912
27731 5744
5164 511
31029 1910
26295 6502
1159 5047
28043 4423
2892 5440
26449 6312
26644 6041
24269 1594
13416 2845
14179 6659
22888 3432
25306 5343
5043 5314
9313 3250
28295 6524
1231 5329
31274 712
23599 3729
16776 6430
5244 7856
17181 9452
2473 5795
28949 1230
10980 95
31922 6158
16668 7709
28911 9678
32449 3048
24675 5427
15563 7992
10855 3476
2301 3956
7035 3380
26987 739
27878 1948
31034 2995
26525 2685
17063 734
11878 803
31306 8970
29501 6766
32668 3120
7159 8398
18104 7408
6693 3020
3934 7778
31291 8225
3389 2304
28146 2449
25970 7186
21994 4440
9548 5178
3732 1064
5714 6225
1103 5937
4999 545
21201 483
17388 4390
29641 5600
24135 9327
16578 6453
23075 5928
19531 9802
12824 3581
22101 7016
6988 9176
24540 8619
22074 3643
8650 2616
31922 1045
27416 3520
28961 1678
10806 1381
21267 2229
9645 237
7414 2541
10243 7877
20257 2211
8926 7416
19477 6595
3437 4432
18946 3723
516 2140
32141 2160
24326 8083
25040 4256
28424 2311
16802 360
23603 2861
26137 1031
29418 3133
3662 1922
30637 2165
5216 1145
5182 9379
25532 218
8194 3074
9371 901
18345 8996
16588 5632
22546 2001
9651 299
12392 5711
26514 1879
8082 1043
10759 9938
12490 2519
29142 4102
11147 3516
17385 932
19121 4178
13717 1690
28380 2341
21023 3388
20501 8890
31103 6258
29364 5467
7267 8367
25472 4527
31095 9890
32537 3070
16356 1776
18579 1267
15126 9617
4964 1619
27587 6218
1152 4941
12841 8316
11970 2658
28055 1386
20110 631
13614 1840
26805 2297
3561 4098
20632 6976
16859 883
22929 5415
15544 5816
14222 9659
4503 9068
21247 9953
3574 3637
5107 4973
32255 2998
26749 5473
1546 7078
2653 5971
13666 3009
18396 7330
13900 7886
21496 3146
16197 8641
25025 7269
10636 8850
3843 2613
20704 349
25125 255
8331 1803
24401 6682
29087 1473
30934 3257
7808 8024
24266 2997
28578 5997
29171 1967
17812 8266
24040 3300
9278 8084
7795 1617
871 8582
29754 9689
2170 5262
3230 8053
3465 246
24804 2651
6546 9542
4242 9507
11777 4840
15132 5510
3447 9868
7360 8631
24522 1293
29359 2342
22349 6964
27245 2467
15185 1932
8314 624
31723 133
29234 7130
13048 477
9970 105
13919 1372
13436 5974
8086 3518
8861 6413
27752 3750
21005 2467
7413 3937
10902 7049
29434 329
29816 2082
13906 5036
24845 4257
8893 2428
1705 5063
25313 5992
21444 908
15502 1194
15707 8203
21062 338
11411 6019
7677 7907
28576 714
2333 7917
12773 9909
17869 1595
16220 9286
19827 3246
5945 5141
10359 6906
4554 7683
25419 8430
7586 7099
21672 8842
22518 5529
6426 2492
1095 2047
26558 4364
10049 565
9290 8633
18660 9745
21071 4243
8673 8392
19899 1130
14407 6932
27810 1158
12126 1847
28222 9721
20179 2590
23348 9747
1302 2777
15128 6388
26881 6858
17204 9047
32442 8540
25221 3469
17370 2790
20231 2887
18127 7504
30771 2472
19839 7925
709 3914
20269 970
12738 2704
17825 5934
24762 3869
6531 5794
29514 7651
11785 2987
24038 7949
20434 9414
11221 9025
2833 8219
9853 6672
11501 5749
481 1969
29736 9361
12904 8429
13567 8421
20448 2203
29778 1395
10690 5071
15877 6989
28856 1119
15014 2075
6492 7127
18512 6220
23619 2813
6863 1545
30522 343
9988 512
5071 9067
23947 8815
30484 6327
30876 2431
24223 2259
24879 4036
11989 4515
28516 4258
22121 3617
2593 3170
2847 1003
27133 5781
17366 9865
861 1224
5061 7010
23516 2968
19205 5199
20209 9576
79 4832
1484 8417
26632 7822
9856 7402
7290 8960
32359 9288
15205 114
11202 8263
31926 6835
2721 8714
9878 6125
26883 7583
678 7083
17981 5318
14473 2710
8608 1268
12708 5696
7254 1123
27169 1365
29325 6908
21306 7998
4056 2024
10932 5864
17105 5683
27561 1941
21508 8354
15499 5058
1032 1127
32358 9336
13551 8018
24933 5926
17121 1994
8856 4575
20483 3548
22260 9040
1949 2611
26524 1286
7293 8969
9055 4269
1686 3933
2433 6475
17389 4598
12734 1038
8374 4231
30092 9843
19129 5315
16033 8393
13307 658
7861 4421
2203 2485
5257 6216
15354 9207
8744 2382
28958 6580
6252 6248
16985 1694
15301 1724
11301 1133
9782 4890
8019 6679
2720 3043
32357 2482
15683 102
2616 7413
9602 3787
486 2981
31974 243
31210 1567
32614 3839
11909 6176
28902 3632
21857 6749
7165 735
12917 4369
11771 7727
29736 2897
5163 6208
6841 278
15957 261
28382 3211
27271 1287
19371 1109
24085 9387
16310 6435
12255 4881
18809 9030
2002 239
13047 4291
30642 3230
20643 7271
20758 3268
10109 7483
7348 9441
15998 8792
5854 7293
7990 7483
21837 6674
18868 1196
31262 6662
8102 732
6170 9261
2753 2974
11322 1868
25187 9688
20586 3456
21623 6601
2958 8288
21914 6909
25283 8448
23675 831
4071 6072
27784 8766
347 1461
13255 4131
1799 4302
16385 6018
20639 6329
3878 6863
8485 2463
32493 179
23472 1261
24507 1839
19819 477
11974 2288
22752 6228
15226 8532
26231 685
15388 3004
15929 1062
5549 9058
11994 5450
23313 5724
9719 3807
18288 5042
7580 6256
14301 7645
777 6557
26677 6256
31414 1202
30538 7676
9620 4149
30273 9518
19350 7204
1849 3548
3952 959
20270 6144
3999 769
16156 3459
6313 3941
30823 1182
19622 8391
20602 6909
25599 392
14254 2453
27510 4886
1902 3464
9062 9180
31642 9670
25676 5381
23336 8390
11399 9463
5137 6581
15196 1837
20075 7471
23869 117
15058 1676
19787 3228
8205 9132
20505 1111
27631 214
27571 8563
19322 5756
24799 2815
3659 1428
18850 4184
22834 163
262 7717
27680 2587
14363 2213
32582 3415
23612 5782
31611 9475
12947 9879
4574 8417
19680 2656
30397 8650
15221 6784
17334 9762
8325 3223
17692 1023
2207 1797
13981 1675
11382 9699
13089 7399
32739 4673
23540 8819
12845 9983
31528 3020
903 2832
9525 3509
5082 1804
7651 7897
3781 3317
1130 5328
22755 7564
2775 1872
8780 8389
15537 4837
606 7752
6365 2516
189 1209
703 4156
12184 1834
20130 79
15150 2400
27994 560
4753 8163
31527 6348
3498 2842
13789 8014
13438 9671
7746 5022
2991 5038
18616 7274
2630 8748
8476 3224
7343 4725
9709 6234
22789 3278
24241 3907
18577 8733
4500 2057
27277 9710
31827 3419
21549 7559
5208 9717
4576 5134
4647 1474
11731 7577
19448 177
32694 3463
9125 8603
10692 8413
3015 7572
26365 7395
26652 6016
3766 7808
19757 1736
29012 8947
25389 2317
29269 580
28707 9740
912 683
19788 8787
26045 8287
19386 3219
21047 9969
19522 3222
29185 6377
3733 2563
17927 1793
31661 4479
25767 978
28523 6902
12400 6748
17790 4507
27690 7002
11654 7564
20502 3108
2681 10
1143 5894
24902 2407
9552 6402
6841 5441
13168 9170
7327 4702
5804 9680
32298 5624
5484 1577
23447 7803
25961 2351
3341 2476
14772 1135
17609 4541
29179 7571
22648 1982
20232 1112
14820 3926
20618 4802
25299 1875
8216 2094
14380 8734
11635 2632
10332 6802
24587 463
2296 6558
453 9526
30628 2505
18172 972
16947 2198
6086 3758
6672 8105
32376 8332
5852 1368
24428 1737
19544 2933
24065 4134
30598 203
4836 2290
1803 6390
30606 1099
728 2696
11022 7640
5897 6362
29705 2026
17933 3936
9215 5263
1544 1728
16335 9465
19829 196
4478 9375
21264 46
1844 6259
1267 7596
903 356
31487 3788
764 7236
26749 385
15051 7197
20741 9606
5347 719
1183 7794
11566 7437
10025 2765
13334 1801
18169 3283
23112 5485
18115 5671
10680 5883
7868 6809
28645 9671
14591 2187
7518 6308
27952 3968
16005 460
24416 1589
29075 2693
17969 4757
32220 2304
23611 4920
28757 2915
174 3676
24915 7897
19256 7751
18325 6872
5929 5611
31877 7604
18901 7499
21947 7730
22585 9661
30659 831
20450 2689
17952 2802
26379 4913
5264 880
22534 152
32146 1295
3037 3528
550 44
22584 3559
22228 5073
21633 1946
495 2657
2631 4965
12059 4598
1248 8321
23565 4541
1107 3231
17042 7888
22389 8525
9171 853
8529 1446
22743 181
3533 5166
19529 959
14731 8623
16764 5549
20750 5629
3244 632
11038 8081
8327 9224
25197 3748
5355 7886
12922 1178
2802 5702
7094 7729
4652 7207
4838 7274
29483 3725
16328 5559
837 9736
3833 1190
26005 7046
6934 3885
23875 2927
12577 8598
5381 8672
29735 8845
32742 5530
25632 4440
14151 1515
19479 2070
31267 4990
23435 8203
12695 8063
28436 9083
7841 8305
19530 4372
5416 291
21730 1346
26684 2080
29978 4829
27552 8150
20824 3925
11909 9434
30477 1953
21401 1513
5344 4036
10816 386
32265 7521
27937 1315
31994 1985
18917 4193
14661 4003
5691 2460
13498 4515
22048 9617
9167 3341
30557 386
9542 6707
26193 7156
7433 9214
24560 1095
13913 9682
9484 6875
20775 2309
29396 5281
24258 690
25754 528
29107 4168
8921 2713
1253 2840
886 972
15882 6191
32582 1788
12089 2320
8401 4625
23516 9975
20565 413
1225 777
8462 3538
32687 671
949 977
7604 9029
583 4965
25948 8286
26887 3890
9133 4874
198 1640
6289 7531
15970 7981
17019 4996
2957 7833
3405 6243
3279 3299
26746 8192
2254 5053
2151 6198
21710 1403
22296 9939
27252 9066
22536 2491
2767 815
856 9345
4761 9949
23596 1464
25529 3803
18003 4678
2061 69
24358 3818
29031 33
23986 5744
31445 6165
15897 4579
3878 472
15413 6531
6313 4454
24959 9479
7736 1992
10799 6852
12661 9827
1445 8654
4692 3311
13832 414
11226 8523
21293 2294
20004 2880
29882 6353
18858 7219
18315 1454
20421 9614
4692 9326
15471 49
28040 203
11594 3445
12922 8172
2533 8034
26051 790
24890 4242
8419 5894
16507 7685
16171 3980
26382 3318
20954 3114
31702 8621
8070 1790
10164 1175
12989 3483
14669 1443
15341 9407
13838 2110
19073 5952
31854 4162
8525 7816
23411 1850
10796 7747
17272 7641
19687 519
29741 6508
11609 6532
19423 9149
5329 6043
7162 2249
2744 8803
9932 452
24692 7322
10891 4140
13451 5785
7578 635
12556 3467
8 9537
2347 1712
26202 8545
31275 9037
8586 2362
21377 6214
10319 7642
18998 5694
9631 846
7053 2494
20594 8333
17126 740
28874 4901
18146 2366
13808 2709
25032 2504
16896 5454
2343 6467
3751 8916
6333 454
3884 1705
9368 4712
13229 8539
13947 6015
12716 2493
31363 3635
13770 868
7946 7479
25297 1747
27596 5033
16888 1241
21576 711
2147 4200
2410 9796
21994 7338
20070 3947
20763 111
5351 9220
17538 6346
9321 533
8488 3629
20707 4251
2649 6674
1194 8073
20138 2940
8594 6063
29243 2685
32086 6591
11834 2361
32058 6892
2472 7994
5358 5252
28512 2374
11446 6032
25941 1166
13000 9337
18715 5448
23541 1005
13737 2735
22412 2386
30301 1498
31356 2378
11072 8026
9656 3512
652 7432
27616 354
11115 5134
14877 2824
26114 1428
2125 7156
21678 1471
21600 2466
29325 53
27905 6898
21313 8868
20345 1307
4080 9651
7377 7234
1423 2153
27191 4795
18529 1661
28836 192
28858 1373
24507 4448
9481 3267
22515 3705
1301 7493
20472 4825
23175 1532
26959 6177
12969 4951
30777 1211
17773 545
17115 5134
19889 7248
15259 320
14017 3744
15053 1051
17182 6623
31631 627
4222 2026
24561 9735
7443 600
16474 1269
12816 5957
18983 3891
22378 6466
12692 2268
13531 4843
15072 1383
1069 1097
24236 990
30901 1593
3493 2221
16414 9164
22370 1194
104 3825
30863 2869
30511 528
5196 447
7729 5848
7376 3568
30987 8956
12114 8435
28739 4121
26409 2533
23947 1547
27698 3198
11588 2336
16498 398
14658 109
4348 1468
16591 3999
3605 1979
8690 8773
3735 4799
14321 7405
659 7839
788 9100
31034 9162
32172 1938
15870 3166
16980 4813
20724 9895
26487 6781
15997 6918
13330 632
6693 5026
4539 1566
8395 2275
24547 7968
17923 7788
3160 8812
12472 6744
5389 8108
27414 4921
22302 1072
18854 1885
20239 9945
19899 2290
11861 7720
1806 524
27159 3046
14501 4772
10037 293
17657 3602
10122 807
9559 5599
7278 238
28807 4964
639 8323
13484 5512
27298 3514
10347 856
21572 3286
30543 2615
31974 7161
11628 1832
18648 1423
1603 9097
10564 7628
8934 8755
9071 8355
27485 9279
23868 5529
8007 4587
21234 9385
22980 685
6718 4936
3219 2424
22140 2316
13944 6893
16946 6329
22753 4403
29149 3740
28872 7418
13297 236
30427 9628
12827 8973
10971 7061
14281 7750
11842 5109
16876 6534
12840 2291
15356 2995
15463 6340
3645 7347
18430 6636
24898 126
17587 3669
15023 5267
14845 174
22339 9531
4384 1061
26133 9387
19098 6504
2333 9182
8894 664
16119 610
27039 9360
6628 4561
4655 6997
26642 3219
15528 2686
12573 8210
16427 2469
11477 9646
30631 4366
5954 7842
22013 9767
1509 3623
1378 3425
8769 1319
5636 7263
28058 5285
32752 3020
29181 187
31795 658
1152 8676
31039 5832
31947 1147
11921 5516
1495 7811
5009 6945
27638 3945
15802 4330
3092 4071
27130 4664
18492 9339
13660 3856
9566 4295
18660 5425
30287 5177
31930 6532
14353 2526
13964 8965
853 4259
1837 7697
14142 9068
19330 4192
16744 6905
21662 9045
10025 8725
23340 852
13334 5936
16909 1267
29129 6976
27715 1444
19682 1284
10766 2930
2892 3641
340 7690
30658 9312
21830 8541
26257 2784
12609 3411
30623 1160
15090 4545
14764 2872
4030 5341
4824 4720
4449 7730
4709 5496
26069 2512
4031 3938
11893 3877
15033 6493
14946 1410
282 7292
14374 2215
27992 6695
10903 7393
25251 5903
9470 1637
23077 167
4729 3581
1417 8514
3230 6114
31418 7624
1377 8314
19693 3325
18488 6965
14049 3923
5757 547
14949 5630
25363 3064
22812 8600
29004 5490
19069 9543
23306 1306
21277 4332
16933 6505
8497 2126
12557 3934
21070 3958
28337 5101
1652 6075
18847 5497
9291 3297
7788 6549
12972 974
7510 7304
27491 6365
4904 2543
27444 4167
14686 3640
8988 4686
20874 540
28376 4043
4086 1643
29868 5163
6539 4607
12893 2502
6385 1882
23423 353
12024 1889
27895 6420
16951 8558
6584 6221
29171 2720
29904 9382
12354 6134
31912 613
18287 4204
27527 7507
20129 3268
29017 272
20920 2360
15023 437
12408 1471
26886 6425
30953 63
24652 2584
16637 2322
3488 7232
17268 7372
2906 2942
17405 3692
17995 2633
32414 5969
2118 9437
9813 1311
3038 8380
14080 9377
32114 1391
7802 8721
3431 147
263 5590
30645 2690
7410 9806
9381 1294
4468 5484
18137 4582
3288 5859
6796 3026
9693 6404
10779 3201
25692 7380
15300 1414
15658 6002
19630 558
1344 8263
15658 1285
8217 1247
4665 5786
27996 8551
28750 5904
14779 3224
13141 8790
14107 2355
18419 745
16373 6029
10768 9688
27132 492
11411 9672
11264 8066
28268 649
6930 9370
8408 6905
745 6369
736 6296
23940 6280
13859 3084
28177 3319
20694 5430
782 2003
20745 6500
9134 1923
21804 5160
11390 7071
15825 7977
8008 2426
7348 5288
10807 5954
5368 6902
10813 5781
4275 3396
11442 8119
28589 1531
13374 2289
4965 7422
17656 6572
27733 2140
31695 4958
27767 6170
13610 8180
776 5056
1739 6961
1420 83
4345 2102
10770 9540
27358 8099
30393 2710
11822 8300
19059 4469
26121 4911
25353 5830
25891 6933
1120 6809
18210 8728
9466 182
8519 6756
17343 6935
9809 3344
19198 2626
16798 3775
9391 5915
28052 194
25595 6311
18751 4000
10238 7955
12603 1449
7115 934
24533 4135
14256 788
22637 6150
10172 9413
8735 8678
31615 5237
5538 4271
785 8653
17007 1572
32086 4419
12070 5498
31615 1021
31022 9803
7636 9179
6044 1494
3505 534
17751 3866
22735 4419
22137 8403
4549 9757
31992 4467
22991 1650
16517 7925
14285 4188
11700 9038
24719 4580
94 2933
21583 4578
19780 6628
30079 9863
28404 2895
31942 7806
14833 1989
28229 5344
15374 2149
29726 3560
2843 3747
16951 3462
26307 9050
26427 3400
12725 6052
12002 5990
1538 2440
31091 2236
26822 8340
11399 2861
24843 4523
8463 6214
30186 704
12952 2338
22515 612
21454 7916
14800 1853
19519 3561
7204 647
866 7975
4281 8207
31960 8305
14555 526
27121 4629
767 6210
29810 8327
27561 739
9878 7367
17804 5157
5202 7008
19698 809
10717 3603
2654 5993
17264 4900
18544 6740
29259 514
8458 7430
4856 2317
26033 6412
6355 2675
26422 3383
13002 2012
24725 5231
11618 391
2333 7897
13818 1028
4561 2476
25428 611
4623 2480
10065 6029
10095 5144
3580 5602
19694 1362
28106 6114
11596 5885
27937 3744
29874 410
278 5268
26008 9942
18811 5328
13542 3351
28185 1669
29017 4676
24890 3686
31273 6106
11115 1101
18665 9164
9343 7037
4782 6747
15831 3385
1139 5751
16865 6115
7868 5252
11487 9511
29818 2305
746 4200
20783 581
18230 6267
2642 9194
30871 2947
32757 766
14148 8797
4261 5896
30684 5069
1170 7736
26534 648
13296 1074
26141 5588
27804 7741
14252 1756
23299 1847
21942 1017
31296 1595
32729 3294
20356 1605
29300 1570
29883 2229
26214 1699
13932 6227
15897 9161
18657 5890
960 7256
22665 711
7388 8875
31130 7884
22277 1853
15098 5280
12775 697
24672 274
2699 5750
1975 6814
3032 8107
15811 9207
2137 9689
17926 9301
8512 7992
6629 4640
24235 8162
25351 1774
7463 208
29950 7562
29810 5249
2601 1414
31622 2914
18392 9602
3538 5003
19890 6909
30155 1398
21588 5050
8355 8245
7995 2519
16216 6692
17892 363
30961 8381
6193 2398
4613 1963
8719 8830
11644 4689
4694 1775
2713 3787
2289 1042
25657 5253
4158 3305
21845 5659
17847 7753
26318 5681
30163 9841
10858 2372
12071 1306
1817 1296
4305 1744
6782 1268
22550 8385
21418 4051
29002 9987
11051 3116
4080 5162
7237 3532
4643 5674
17279 8162
13109 2714
18018 3139
20885 714
26749 5824
19446 358
29100 357
14765 5532
18842 1699
603 7562
27781 4512
6349 6859
7489 8221
23840 7172
30848 9704
27177 249
19792 1555
21012 4438
24293 133
3658 1147
29593 2592
9881 7815
21809 4611
21391 2200
9826 6048
8230 5106
12692 2848
20135 5295
5349 4566
1224 9685
28529 2001
791 3214
29649 8774
27548 3140
993 7934
23482 2635
14790 6364
23895 8612
560 401
29501 3983
11229 9091
17599 4400
4191 1436
11423 918
14878 7903
12079 5496
11168 416
7095 80
11272 8132
23831 909
15581 4486
15789 467
7437 1116
8825 7862
32050 5209
383 6903
18707 3749
5997 3470
10862 5482
8318 8680
10485 2128
6302 6499
2966 4379
18127 7384
24319 8227
6091 7240
17762 5029
3051 955
29557 1736
15431 9780
32446 3810
15135 5241
24845 3228
21370 513
21834 7491
27660 6255
29040 3121
4445 7534
8666 2316
27432 7149
27070 8572
8449 734
3319 7635
29243 8666
1799 2328
1289 1527
29532 2116
12515 1532
19154 1649
18476 8371
6778 1104
9489 5104
6042 8746
32180 9778
13556 6553
17290 7960
7499 664
4609 2934
14116 3208
28775 4728
5578 1748
27399 4902
31636 567
18325 7640
20842 2349
22732 1756
14214 24
13653 486
4984 7780
21995 119
16237 3948
24253 6657
16048 2446
6163 2793
7025 8252
23093 8526
20934 6997
28809 810
27631 740
14331 8151
13278 647
31905 2787
7671 3554
23199 5911
20756 3749
9801 84
28620 2492
8072 1103
1781 1077
29823 8367
17767 4871
22382 4932
24835 2593
11222 3098
19700 1505
3806 1439
9525 8310
16117 6529
29523 1064
9913 8683
12405 9398
3863 7538
10393 240
15540 7419
8992 5703
31884 655
29837 2465
25562 5377
23946 3970
18231 255
23340 103
11525 9672
19575 3556
16142 7150
4389 289
32617 8827
1443 8384
17566 8824
93 8082
16649 8284
13371 9147
6532 6994
7275 1571
20288 5086
21858 1310
244 5409
1821 1070
18234 507
17581 6584
12341 689
1266 3493
7800 8463
6311 1881
3875 6623
16798 9737
2895 4635
20301 680
18605 3199
25738 7251
15721 2003
19091 1247
11093 9095
30033 79
26179 2623
7390 1274
22962 1666
4164 4075
4526 5198
9608 1979
19185 6558
27367 7293
20046 8431
32095 7096
6992 1423
10353 5707
9758 3398
13094 4091
11425 6490
32336 96
26345 4030
22546 9025
5837 938
10402 1037
15058 4897
23630 2749
26703 6126
11965 7366
4302 2657
15224 3330
14004 3993
30632 433
21797 2034
31010 444
32546 7409
11936 9691
31220 5453
27985 9383
22222 4001
30613 7906
20398 7215
24833 7478
27524 231
29610 476
11670 8552
31392 9070
21539 7878
5560 6063
27206 8925
31375 3513
12574 1845
18123 3030
9260 1414
18340 3875
7420 2062
23204 9347
23048 5601
19370 8672
27865 8416
21557 4439
21359 1149
8159 452
16611 4686
31272 1755
22859 7184
2421 9562
25822 1661
15193 4347
15961 7457
17938 3246
161 9898
25431 7318
14249 1758
10321 9746
6294 7634
7911 9903
1313 9272
1086 5596
24125 6200
20608 5039
27130 7106
27613 230
20650 6130
13520 705
30018 7382
15268 222
11523 764
22326 2148
6745 5647
30460 4404
12035 9476
22086 348
6516 7232
29892 767
8569 6076
30793 9042
14365 1084
23502 215
16074 1932
4026 303
18864 8780
28513 1212
24938 4253
12234 9765
2015 1020
11189 4494
1127 2943
12508 391
15152 366
12922 5283
5087 5380
1290 6956
13178 9765
1873 9588
3461 386
23710 3103
4203 267
7249 9072
28960 133
6810 7858
23045 2652
11907 3848
268 4442
6449 1942
26908 569
29286 3841
21175 2581
15947 2036
8154 6518
4205 405
12068 4685
24581 200
29243 1484
29052 8643
17260 43
31022 785
16017 6344
23407 1050
8504 9486
11723 6978
30209 7994
23954 8657
3912 8026
8085 8676
5380 6806
3370 9475
10735 964
4726 8290
27624 327
4587 6747
21397 1335
24847 203
14156 8919
639 60
30004 6531
16692 8612
2215 8280
4358 5628
3803 9465
22638 1331
32450 1582
1936 4516
6190 10000
8313 5829
20025 1251
5285 1121
12516 7699
7108 3369
6654 8226
26557 5126
8520 8672
23028 7251
7126 3628
7625 9864
10936 4826
19553 4521
7386 2822
32168 2465
10281 4440
27286 713
15863 1433
1202 4254
32417 228
9941 4834
4207 7600
17201 1409
23995 877
12945 8902
32342 29
2274 5695
20519 3910
4851 1135
789 3525
24953 5010
7208 4341
1366 9830
13290 4608
24859 2313
29716 7429
13259 285
6246 2474
16610 8819
30423 8292
14741 7943
21230 6197
19292 3896
112 3925
30638 6891
6459 484
6411 7520
19058 9934
14656 1205
31962 5537
7399 681
23684 5211
10285 5476
941 8232
216 949
19682 3466
4488 509
4200 7401
21052 7226
20698 6718
31257 4806
6932 5978
32359 9041
7504 556
733 5692
14735 7235
7966 6728
5947 6897
7555 1758
30730 6817
5915 7840
21541 8058
4336 2175
394 9939
32396 4895
27310 8778
19900 1800
6247 1616
24468 8911
4874 5719
4787 6980
24272 6511
17097 4269
6015 2141
24918 7779
28486 1197
2996 7050
5352 6666
16983 4743
17693 8363
9556 5326
2869 6768
23072 9322
29950 8957
32410 1840
15848 2342
19788 1590
13671 1197
22254 3567
25753 1847
29996 3322
14121 5365
23210 4285
11123 2994
25668 3916
19944 1016
3994 3391
948 1993
15052 7186
26783 8890
4482 2830
17457 6450
19248 8872
23066 1844
7832 4104
6609 4952
3728 8237
29050 1569
29701 2768
18445 6459
26944 998
25269 1731
31336 3178
14710 7628
16200 5274
32531 559
16979 5024
24623 9778
22757 3780
15794 3868
20684 111
26222 4408
5895 5203
5123 312
15309 3866
12031 2813
30674 1821
7754 3668
5829 7991
9666 7026
27421 9064
6178 1363
12053 9085
24616 399
30453 1328
9463 5407
6292 1196
3514 3966
11291 9733
26762 4195
2571 9237
14482 7983
27266 585
28528 5474
2490 350
21983 946
30162 9638
26515 8031
27089 9359
9829 9328
23016 4902
10416 2850
5367 23
26363 3091
8019 2937
3288 8538
10951 8680
20747 2537
20440 7090
6383 4053
27725 9223
27414 9254
19183 2602
30000 10
30862 3869
10542 9454
27204 7948
13735 9152
22782 4633
23930 3119
30263 1528
29365 6916
24071 6747
30901 4453
27229 1201
12687 5638
19336 2794
6831 4755
2557 238
7359 7773
21844 927
29387 3841
17555 3980
3234 5519
27567 584
28799 2792
27216 6746
24552 9465
22485 1670
17367 9112
12440 2844
9240 1949
10355 8463
11762 2131
1667 9353
3593 8351
28203 6989
8579 4656
14684 413
17002 6951
18452 2653
13137 2729
26917 968
28219 7346
16440 6433
23224 1005
19729 5852
12113 2961
30741 2847
550 6238
18441 9587
19670 7033
9500 3263
26527 7012
19752 6423
16327 6705
23861 992
19770 9256
5183 2168
2932 7207
13113 7700
31137 330
7761 8586
26115 5211
9078 6240
2197 1035
2583 6180
12526 4594
20526 1869
2919 7892
14462 2322
16768 9061
3608 1578
31104 2270
16676 83
31068 5023
16606 8583
28890 3623
14047 5004
12022 6259
1950 3691
18053 3427
15414 2740
26136 3907
14698 5215
26403 1689
26598 8486
22623 6554
12743 8529
1900 4610
31070 3890
19899 9491
27953 9715
9387 3133
23875 4668
17650 6384
30102 3929
21823 9422
493 171
27678 564
7894 1086
26907 7434
31720 8123
26922 1049
4938 5183
23110 3756
31349 1756
29273 5867
12346 7102
3420 7444
3078 7200
14015 7962
12901 4896
25099 7971
12997 2209
5830 1180
12925 4784
5015 1568
18701 41
11434 7129
29095 6858
26966 7366
13807 5752
9469 7661
30208 9809
14132 5315
29103 7826
26404 8858
30483 9290
11824 9898
23109 8190
3545 6164
6756 5294
31966 7938
22492 8648
12199 5939
32744 2556
16355 2198
20822 2480
30577 6644
7819 2277
17020 2915
28870 4601
3307 2424
28841 5182
3832 3437
14325 3050
19742 6947
28821 3585
20281 9497
25822 5649
21225 1342
25877 3260
32055 2420
9777 2443
20347 3910
32227 3696
25469 3819
8148 1181
13018 6875
16430 3699
28073 8689
16221 1790
9311 3218
17175 7071
18672 4909
24729 1114
19255 2067
15412 9170
21656 9609
16905 5137
26340 3276
23569 2476
25212 708
18784 8517
14266 4844
31402 4115
18316 8704
6150 7776
14178 1224
5106 2386
15435 1941
28567 5180
8538 1258
5199 6933
3407 2749
26213 9498
19315 2349
29980 3471
7108 6437
27634 8699
20050 3826
10533 7685
11753 8402
7543 8906
32240 9934
22830 9841
3985 5770
27232 6352
12827 4154
28781 9647
676 5463
2253 8989
24306 2530
30988 755
32668 1271
14866 1110
32108 6806
18600 4881
17928 7343
24376 1442
17361 4876
31956 7267
15628 6211
23930 7660
11840 7019
18327 2391
9182 6015
21193 7141
22311 706
3049 4847
4683 7346
6729 6270
8142 2255
19002 5391
18736 2494
8402 18
10445 2601
23788 6178
21250 6025
2415 6042
6801 1607
1236 6693
29767 79
8674 1383
15836 326
17852 8250
27674 6973
10014 6460
25665 742
4836 2583
1195 999
22988 6560
8364 5149
19324 1765
29628 1539
25287 5729
20440 691
1836 3297
2853 7964
1951 3676
28887 7557
12941 7150
14673 7105
12058 7862
19853 2787
31661 1809
22975 6339
13742 8598
29493 6658
3726 6740
21890 330
4616 6552
31451 3610
8615 2164
5057 7393
18825 4348
8673 664
21090 2482
14904 9333
13507 3957
12922 8237
20893 4869
15797 7706
5121 955
15409 8445
24617 4727
17052 774
29628 8409
7267 5186
6990 2468
19811 724
24870 6559
22209 631
6469 1630
17174 2658
28324 6593
15824 2429
21948 8316
14805 6163
2123 5127
27497 1161
28246 4102
6481 4190
6250 9563
2360 4035
12072 7066
2899 7725
31745 766
26945 2233
28477 2890
15413 7951
18242 7683
28246 4490
15635 9612
27494 4647
23063 4369
17570 9244
23324 6921
19434 2075
17563 8342
27170 2566
3133 3566
13528 2805
31647 1327
1831 1270
12370 2078
8667 9029
23847 1969
5845 4573
12457 8206
946 9037
1258 7539
24487 7086
15491 1688
24751 7796
28886 8674
15337 3139
21910 489
17723 7780
30090 7132
12860 1800
11405 1459
1105 1580
730 9797
24086 1085
19846 9995
18431 9854
14414 1860
10303 8408
7315 4427
29160 3826
18851 4551
20308 2977
8762 3873
19397 9105
13129 5435
16456 4436
10229 9743
2015 5931
16099 1573
16094 8995
9395 89
4502 6722
22474 4620
24113 7954
31061 2074
11741 1116
12170 8333
18733 9257
32049 672
27579 7877
12900 6326
23315 2517
23187 4859
25804 9818
19403 8843
2040 5991
15159 5586
19903 4976
31463 5940
5446 5955
17616 782
22230 9723
14100 9676
8762 8482
25988 7052
23656 2599
9315 9955
100 1473
28781 3951
26466 8387
6168 4909
23595 6320
2586 4492
32193 9056
27947 1538
13638 9204
25868 8685
17178 4342
10440 6604
10052 2645
20026 3935
26899 1952
28367 4844
516 6688
2446 3380
28647 1419
18005 9749
12862 5254
32357 2337
14054 811
11808 7199
31225 2748
13330 4833
23794 9846
303 2741
30994 1993
7771 5920
28931 951
11056 9576
1468 107
14843 3184
29348 3341
11527 5098
21754 9091
31007 2792
8820 9497
29006 4307
29478 5428
32745 8560
8870 2979
28879 3472
3182 8871
12528 4054
26497 325
9996 5567
1362 1930
2493 5389
30689 8750
22200 3828
25383 9612
20304 9817
32180 1777
7740 7079
1175 8803
2713 7348
9854 660
23603 3619
10782 5575
21760 1371
21461 9906
25581 2601
20110 8916
29917 4001
7142 1353
495 6107
20365 5164
18944 2748
6638 3420
20594 8097
26130 6530
2603 659
3777 1682
23520 9768
28395 960
19859 118
20807 9701
5978 7758
826 546
27491 3942
3834 7796
8501 3239
24819 2345
9784 3976
23658 5905
22392 1707
9056 4985
10406 4407
5561 2244
15456 4101
19357 2139
20913 3455
3871 1591
10972 6486
6428 5627
20821 4883
5478 3831
23313 3824
12834 4315
5375 1271
15983 7049
14039 1691
7241 4335
1042 2023
2476 8723
32313 7172
1276 15
3171 4830
20644 7631
15354 1529
23038 8456
32445 2944
1907 924
2571 9294
12771 6955
15198 4385
19782 7612
9750 8059
1172 8540
11896 9547
19683 3830
22006 9595
13263 981
7344 8603
27935 4518
7228 9535
25510 4352
16290 7924
20838 4104
15531 2217
8956 2705
12892 588
10808 225
4285 7490
25611 7050
11743 6074
21926 3222
11292 2052
17632 7988
5537 5582
20440 819
20778 8912
10204 9660
21517 7145
29578 6886
13690 6921
7221 9492
1793 9761
2699 7697
5716 3959
5748 334
31823 1614
11837 2731
7477 822
30965 5013
32317 1328
30743 815
5197 9204
27754 7284
28677 8838
550 6347
27391 1639
2136 1804
14933 4840
14215 1939
2660 7044
19352 8195
2000 8158
29935 1756
31177 3321
25815 1519
20876 7847
31012 2353
21292 7252
19223 79
15250 3219
9601 5282
1986 4665
9771 5155
16737 9673
3702 7808
29812 9152
1855 3151
12907 1378
23557 2642
18014 8725
29006 6299
32406 828
31302 8994
12111 1030
12714 5766
21180 6953
6628 8353
27212 4360
2168 3310
1324 4557
158 2031
4109 2755
8496 8746
21031 8931
10695 676
15230 7345
23330 8097
26724 712
14023 3402
32319 8580
25068 2016
17804 8686
12183 4864
9508 4685
5637 8296
25278 4538
4937 8745
19638 1461
17717 2317
12557 7687
14461 1947
17840 9559
13082 4984
26109 4385
32237 1184
18819 8004
29093 7526
6153 747
19170 4296
32466 7966
2458 8695
11040 1114
24509 6725
19959 3406
29460 4992
3363 8199
30319 1022
1405 8575
24063 6057
17001 2417
13057 7053
20131 3008
19100 319
16956 4680
25613 769
29151 1061
29185 1347
9049 2227
4930 2156
27480 630
32406 618
6259 8539
26085 1574
20331 3199
5273 5899
15537 2894
19786 5896
32552 2894
10907 3908
12331 6782
1887 7506
11474 1961
12801 4117
1137 2271
28450 5862
12386 4165
3971 2371
30981 2156
7462 4682
11268 5072
25520 2887
2012 7586
22546 7242
153 7032
9064 2829
16864 4259
21793 3444
4659 5953
97 5893
31601 3157
18595 8842
23708 4484
8611 1685
18655 5552
18043 1603
22480 1434
11276 9188
19186 1940
29343 8027
11390 3157
6860 2641
19299 6304
412 9390
14475 6695
26602 6586
10592 2172
2319 1201
25487 3817
1214 2710
5643 609
8236 2697
17238 6822
8820 2459
8444 6155
20539 4289
4192 6301
19087 9928
5306 1326
21781 793
27233 7906
18276 7133
9030 9662
11692 3218
27841 2765
23707 7230
25233 9493
31873 1267
4894 4138
20402 6916
6400 9649
14380 551
28101 9864
16505 2299
23023 8644
11223 508
9789 1674
20887 9493
29228 8578
18371 9814
21436 4761
8451 1446
9335 9750
16833 6954
8112 1887
4236 2262
13833 5517
1466 4899
14904 7310
24146 8386
19210 7865
30249 6032
7847 4615
3402 3883
4889 4928
31899 3316
10248 6067
7614 885
17863 9211
27190 7877
30101 3102
5579 1994
28444 8839
10287 8366
7998 7703
23009 7845
3089 9511
14418 5037
14888 4481
21831 9847
30485 2864
1406 693
11563 5781
29332 4869
9353 6619
1062 8493
21844 4717
25655 631
12099 1143
8913 6623
31329 2939
15599 1354
13582 3317
2715 4298
4935 1856
22612 6880
808 1290
12210 3553
23215 1365
4941 5435
4803 2704
12762 665
13173 966
21655 3718
21893 3173
3306 2751
23848 7746
25924 3388
21000 1003
6476 3536
30861 7388
6458 1038
4187 5558
23680 911
23580 2045
18352 1185
22143 4641
10650 6434
14464 8912
5044 5054
13547 4889
4544 8933
3355 9684
1192 3905
25352 5201
9389 1574
27777 4558
28352 2170
27573 7468
304 1959
4344 6484
11142 8975
10692 1590
13742 9712
16638 3987
8791 5000
5243 2700
28827 298
963 1913
8419 3889
23573 6063
261 181
9643 7980
944 5612
22078 8036
9994 4995
3277 2338
11927 9452
15003 9159
13405 1818
23927 1686
21830 2171
12095 2228
31941 6614
28327 426
5052 3653
9527 7421
5790 228
3731 6799
22225 7723
1279 7495
27478 5720
5922 1167
5291 8753
11018 6636
6128 8713
21105 7571
21834 672
13375 8314
7557 2288
12112 4045
2813 3461
6774 9555
25022 5532
17858 5760
15082 1424
8447 5291
32603 7249
11136 1826
30090 2342
4380 829
26287 6532
6262 8337
7978 1167
18050 2247
20002 9136
23364 4428
2156 136
3035 7497
29358 9013
7615 7973
22212 2354
18247 90
10338 100
31086 6005
15611 1170
30422 9458
15074 516
23565 7976
944 8111
32016 65
7653 847
15373 8829
25042 4295
15725 7191
28086 3766
7442 1080
9511 5482
2269 7002
16307 6665
25716 6528
10952 4445
23106 9460
17105 8848
32191 8848
10146 1449
25329 8722
12310 4053
20275 4570
16630 9274
26421 6565
2845 7527
32324 9391
29914 4032
27339 7589
12950 2281
1050 7977
21175 7937
11623 2521
16580 1585
4626 609
969 2148
30510 4384
15357 7257
17980 4569
9122 7735
13625 5532
5933 2674
12252 3444
26791 6715
26137 5393
595 5852
9193 1609
7313 5667
22093 1242
2818 6190
24976 1284
25837 2201
11469 7973
3297 836
1714 4580
23452 601
18307 7682
29228 1756
21602 3214
30548 1572
26573 408
17457 7529
17256 7672
17437 5454
12029 2976
3028 2000
26817 1727
27606 2927
27353 1320
524 8110
10780 5954
3757 4278
12827 5825
4195 9200
16990 3205
27562 9362
20721 4609
8569 1032
5664 3086
22821 599
1406 8753
16770 1295
22572 5627
3403 2831
3159 8240
3780 4270
32259 107
13981 1735
32007 1983
31258 6835
1113 3520
25713 174
30348 3651
22388 3027
919 2068
16239 969
7128 6055
15956 8226
5209 6737
4629 2513
24657 1767
14930 4684
1006 4055
8500 9731
9297 7398
19353 3904
22747 9865
21617 6815
8615 5176
14183 2048
10071 1664
11973 1914
10260 9881
10385 1586
13776 9943
5884 5292
10702 1380
8190 3825
29029 414
28730 515
6145 9756
13607 1517
12906 2471
625 1422
3913 503
9885 6807
20712 1756
13037 5346
21561 6142
14979 342
2330 1895
3272 3817
8151 5775
28431 9109
12272 6328
6518 4590
15389 5963
31501 8194
14224 1010
2363 8850
28794 5704
7773 7889
976 590
11183 1434
15951 9968
17008 5335
3774 8679
14401 3455
28019 2864
27343 9823
23832 2845
26289 1789
26799 2138
30100 2633
17108 1378
22421 516
27202 3299
11246 3285
30617 3712
19669 8602
30815 8470
8865 4812
31556 2609
12847 8903
12714 9775
27268 9896
19044 1077
30131 7431
27070 3617
4353 2631
25278 3376
12360 6092
5546 9488
28825 8396
6090 5033
7717 9065
2159 2440
20830 1662
14133 2668
26457 4808
32644 7316
22903 3431
32093 9432
14404 629
32595 2184
19871 1702
22999 2402
10780 6273
32697 5224
8614 3262
1004 8528
31593 8832
26762 4654
22767 1717
24343 5135
6280 7915
24074 8279
14064 9173
12169 222
29740 5983
23925 6071
16309 4158
7846 5617
12248 8316
10616 5137
2141 2562
3974 3775
5223 2166
1717 7104
22427 4376
17269 1892
23172 456
18499 7441
5686 506
20082 3056
17202 7420
11308 5494
3978 8327
23476 4086
70 9428
2029 5844
517 5617
16928 3181
27880 8820
17658 5462
32683 7520
26836 2114
5653 2918
11576 488
7827 5453
31648 372
4896 1588
1920 2653
31079 568
28551 8935
11820 6146
1058 3178
32744 7458
22339 1986
23731 7874
31072 7384
5991 5364
1982 1649
2051 5117
28655 7862
2893 2214
3226 7444
9660 1697
32634 7892
19860 1257
27817 1357
8275 6029
31519 3881
1868 3918
15989 1030
3986 6663
28143 9742
30999 2301
3258 5337
16661 9590
26482 3681
11181 863
2792 678
4303 9209
6177 1843
28761 8803
6562 6449
4483 2126
15850 4986
12666 2077
6977 8449
1355 3547
24752 5856
4867 130
6225 1922
9748 2665
24265 4050
25339 8877
13330 1012
15904 9380
18814 515
23038 94
28920 8298
4227 4044
4493 8902
11194 2582
17708 3515
4519 2375
938 8263
26483 5292
32521 4676
28617 1693
5370 1522
10367 1147
31136 4980
27513 187
32663 202
5834 3889
8501 4895
29 6881
12048 8324
14164 9025
18368 5564
23662 9091
31974 5945
3246 6098
18797 775
11001 587
15631 7864
1921 9967
283 4720
10912 4469
6774 881
18182 6357
3296 4298
5911 2290
17273 6859
10639 6871
25220 6765
24936 9590
26218 9872
11517 3805
13314 9156
14447 443
32271 4059
8008 3969
9227 5199
24926 2251
28195 1745
7931 5537
19074 7394
24634 7417
28626 7333
27572 1760
2304 4884
28764 6329
20032 4690
1704 1541
12114 2657
19698 7220
29443 7541
8989 266
28662 6985
18811 5653
17060 5664
26350 9646
9378 671
14926 5966
18723 4553
31499 3971
25277 4986
11540 2788
13936 2569
27639 4305
24548 4183
29001 2366
10994 4957
23112 2305
9830 5174
28863 6746
21507 264
31530 1539
6600 681
22555 9896
22642 9775
26844 5657
19266 6040
3926 702
5376 1051
17201 5578
7744 3935
573 5586
10468 2171
8209 9248
15586 1534
14578 6931
21064 9616
19446 5945
23677 2344
16488 9424
6857 703
23151 1914
21015 1540
25323 5599
21498 738
1696 9639
30447 3247
12438 376
25570 4263
25535 3820
23795 9593
22491 8631
24953 7007
23961 3304
21319 7876
19967 8558
303 7025
2315 4173
15045 584
18331 1264
20837 4837
17546 9249
10872 6289
284 1255
18162 9993
10396 4464
25631 1247
22339 6991
6560 9407
18524 391
6321 7861
12198 5097
28845 4877
16890 2346
31955 634
12589 5273
24394 9612
7992 3503
11619 4524
19606 3768
12575 2873
1518 1489
25585 6760
5362 6483
1732 8535
14471 4159
31552 5715
26662 9561
16969 9611
26242 2682
17353 3684
26475 3457
17328 9470
19698 7210
10297 551
16334 4482
30062 2863
9982 2618
8686 8156
17072 2602
10478 2559
28258 8967
32126 2150
20039 1799
17165 3027
27628 8837
28464 2861
1563 2673
14495 805
6144 8746
30592 4268
23434 990
23273 6371
19220 209
6048 1363
26181 796
29733 3327
15924 1048
22002 1782
3280 9915
13313 8909
23424 1874
4751 1357
32006 6336
27680 1992
24233 4966
11203 3938
29843 9140
7319 6254
17784 4030
29326 9606
22904 4146
20593 207
4167 1273
28452 6524
8843 268
18988 7490
21125 3034
30062 5196
4084 583
57 5087
4918 1831
2439 7889
13233 5803
27008 2886
32113 8490
5184 4475
18962 2916
6618 3479
24801 6227
26525 1118
25150 3011
11926 2680
581 9892
4949 8770
22189 5342
2804 1363
15343 9940
2390 7281
5547 7179
25773 4788
28232 2637
4671 7628
14812 3929
8297 2639
16459 8830
4580 3142
29362 9320
32327 8680
12294 2969
7117 999
15608 7100
5721 1306
29468 70
22455 8874
27467 6653
9509 2465
10054 5694
13842 783
32411 7802
10277 1935
21197 2177
29825 8538
20143 5858
19016 5067
13585 7424
29277 4707
670 2297
8303 7389
26373 4868
21811 2260
22871 2473
13808 1171
19376 1526
32065 9566
16922 7870
26903 6528
20654 1236
18941 548
17661 1385
6048 1703
32430 5826
11918 7246
15208 9470
6974 228
23026 9927
5713 2631
22680 2838
5655 4308
4817 5868
6485 4127
544 4030
3909 3560
1592 3920
223 3547
30819 4614
24407 3830
3620 9847
7143 4336
20251 9875
27854 728
8746 9942
25497 5243
13782 2509
14497 27
18416 1865
28629 7452
4212 9970
15033 6624
21425 7245
15279 6438
24490 817
3702 6975
30909 6870
14832 1761
31106 1327
28456 703
10742 7018
14739 953
4569 4502
1174 159
19028 5604
6729 3660
4831 2097
32635 1297
11618 5635
20726 9263
17818 3521
1539 345
26559 3384
15409 3674
19044 9899
28755 6723
28574 7899
18632 679
24936 8392
21759 4058
3398 9510
26169 4167
809 3379
26001 6833
7059 6456
19258 9357
18683 47
6921 2366
6259 3284
2611 4289
9608 2686
12887 3498
1386 2272
30143 942
27981 6475
30947 1987
6158 6183
21806 3221
12058 578
26885 7242
14988 647
26886 9656
23701 5970
5773 5141
23585 7875
16253 655
17079 5041
27453 6030
4513 6162
22784 6631
21070 7608
13130 658
1524 5630
7344 3438
14457 3171
31199 7443
14996 7622
7391 1464
18224 659
13721 5526
6161 332
11159 2653
11705 1644
17676 7462
20109 8536
16148 7160
308 8903
15164 1535
1600 9732
9797 7498
5392 7201
31781 7107
24564 365
3407 613
9107 4505
10548 6825
17802 9544
21002 8529
18006 7126
24012 8457
2676 235
10370 315
16070 1263
15298 2530
23609 544
3959 913
3749 6961
18401 2356
757 342
5341 4071
24711 621
5735 1558
29142 7967
27229 6597
16470 5448
18309 3361
10143 2274
18898 9478
9166 3849
21475 771
24360 1995
10701 4795
17153 542
10522 2989
4061 8118
16914 8870
16596 6983
5689 8693
15931 1000
24600 8000
9088 1593
2112 2965
7254 4774
2957 2563
7442 6844
5800 4298
31317 956
31439 3088
9196 7054
24537 6326
1780 8903
22388 2106
23362 1518
13746 6414
24578 1452
21188 6713
19357 498
6661 45
29409 3567
2618 4153
27484 4225
2839 1439
11528 636
15366 2568
30510 1097
8229 599
31876 5313
19341 2012
6808 3179
30170 9354
8306 1234
5608 2314
26741 4730
27354 3825
18823 820
5729 592
9074 8224
11323 1435
2697 7186
23289 5612
22158 3833
4614 8792
6355 7372
18661 4114
15776 3013
19386 6895
23765 2434
12556 7210
32208 4042
23753 5513
21137 8878
13450 9360
11804 9328
26905 2740
14879 8631
31025 1890
12245 7443
20868 2033
6186 2511
11778 2310
22304 9253
8281 9334
1649 7318
24504 6641
25462 4745
17881 2765
21575 4724
7486 2465
18468 7353
9403 3027
30484 3171
27700 2212
17611 9601
28328 1738
19153 7266
3438 7790
19937 9458
20671 1720
8848 4484
4469 1447
17711 6944
28690 4149
10481 8287
15620 8587
593 4837
13864 9185
4270 877
15756 4680
11064 4539
28025 236
5392 1118
11697 7348
23723 9445
11765 11
19064 8244
27082 2532
8898 3463
6525 1290
16087 3062
13413 8166
16746 873
26728 7316
27190 9230
10944 5768
19684 4745
17919 4605
28463 955
2385 6142
4678 6054
32002 457
11121 9247
16448 6400
20472 3685
29729 3954
6209 8258
22504 7242
15928 48
31364 9974
31475 3117
9561 2011
26519 6498
25667 70
25973 7232
20184 9398
20857 7148
30446 1912
1733 3853
8286 2387
29849 787
9735 1126
19318 2186
12309 2991
1411 735
8067 8926
20015 2067
21214 5544
3352 1566
10316 2144
6188 1654
24782 9635
20749 4383
18626 6290
12730 7525
18860 2662
3181 3432
18741 3775
703 8871
31092 4349
30738 5105
32365 2387
816 3015
3287 8569
9008 8278
26147 4481
15258 2260
21945 3276
7115 2137
4997 6414
5530 3136
12210 2223
26427 1309
27573 9315
31844 5905
9358 4157
19119 3580
12874 559
19776 2002
24781 1653
25511 450
26062 8259
6151 7267
30755 6811
4216 6879
27711 1556
12203 965
31225 4439
10445 7897
3983 1612
2733 6591
21994 2549
1568 4840
18979 89
29605 3548
4167 8196
23621 1225
25431 8332
2493 6762
18067 4023
25055 7804
23544 8508
4406 5933
1032 2743
18665 7701
10953 9281
5089 6106
26128 5263
1838 4126
18687 6841
20903 5740
4301 6126
28369 3700
3781 3238
259 1010
29586 9832
5831 7894
24505 4974
24450 367
23911 7861
4952 713
10093 1849
4682 4265
24969 865
32417 2166
9703 3127
22160 9611
3047 43
20757 298
3105 1800
544 2147
26023 6454
2551 1157
26761 5106
21465 1236
18847 4427
10209 9020
25474 3598
5166 1061
2268 757
28993 3479
19426 3243
1446 8064
24350 9075
3287 1700
29554 985
9565 5252
14170 7241
27192 2626
23409 576
15233 148
16439 4368
31310 1895
12561 2487
15318 5589
20625 1937
14294 6378
6648 5165
30259 6948
7161 718
32736 9609
20672 2515
5890 1742
14131 2841
14930 5589
4472 3968
30659 6118
27831 7979
21094 705
22049 5692
16266 2658
24881 1471
32551 1894
25393 1621
21373 1214
2049 9764
23544 3986
9236 9021
5975 8744
26555 9503
20749 9893
22438 9850
32231 8338
11943 86
19440 2307
3258 2373
27026 644
5955 2022
18429 388
28310 6251
23757 455
7356 9374
9958 1351
24949 655
31395 9723
32633 3537
22833 8106
28419 6470
22325 2337
6544 6648
22197 7348
740 5370
6197 9170
847 1854
26400 7708
30510 7448
25962 9975
1972 5538
14964 6479
28907 1249
10544 1086
26869 9624
20869 4894
3224 6828
8437 6587
29946 6457
13949 1965
23208 9507
15804 8660
27101 6526
1368 3493
11266 7282
21662 8645
10865 9849
17512 2403
11902 1083
8004 3882
17080 2509
3282 4870
22892 373
3182 6968
15467 1137
783 6085
10765 6056
24687 5252
17270 2736
8045 8407
12312 2578
9647 1049
6777 1196
18059 5946
27191 2421
27944 3799
24393 5302
12768 9213
29319 2999
24297 8462
8045 9608
10293 6197
31516 8273
6806 9719
15521 4475
1574 1372
6778 1073
26598 876
8534 6833
5797 2189
26653 9512
14116 1164
17712 8413
15223 121
26866 9820
29102 9000
391 1926
26037 4277
19420 326
6777 1944
13799 1336
24140 5097
30256 5253
16011 4758
15504 4082
24190 5539
24632 1978
13695 3713
12022 5080
30815 8050
16820 5162
12805 5612
31298 979
20312 556
3669 3904
8800 4749
17359 8509
8359 3321
16960 1288
24806 1198
7597 8630
7133 7589
32401 5268
13443 9359
2850 2449
2911 17
30165 2571
8502 8274
21796 2487
19686 1827
10383 4373
2194 8366
12001 8483
6655 8033
29108 7328
6718 573
10807 3460
8332 4794
25391 7439
5238 2350
31804 6655
27457 2990
29278 2038
21640 8836
4535 6698
6695 3137
29843 783
14168 2132
29605 4882
27420 2252
27539 7975
18909 3435
31670 2694
4689 3563
8731 4065
18849 2645
22733 7738
25291 8800
6230 2
30021 3783
25475 3301
18147 559
16488 2468
11514 5559
17060 8626
2246 5552
2790 4276
25353 511
24496 4979
27381 6864
17243 9940
23628 2077
11100 3034
4294 2000
15557 425
16563 9782
12815 974
14049 1188
19990 6910
31680 2798
101 9004
15300 229
7860 2031
27915 4401
22447 7331
30784 8688
17145 766
26815 4350
12913 1014
26617 5397
10420 2642
2074 5366
6371 2302
8682 5913
21414 3571
18929 5410
17776 2598
8415 5141
27141 720
811 9578
6458 2366
23545 1284
4348 9769
8001 6111
24724 4680
12078 8360
6441 6277
12484 9250
26503 4398
5062 1110
31519 1133
20951 9594
24142 7130
10463 165
9186 6271
21680 690
3546 9996
3050 691
4461 8316
17435 5880
23630 8167
299 1281
16175 1866
13304 9248
8580 8276
27709 6946
25225 7491
25016 6191
19334 7614
6284 671
30545 6596
9444 9792
21269 8501
20953 1206
7251 8063
12182 9586
38 140
19641 5575
16331 1929
7933 8888
32352 6714
24342 4613
7148 4221
23517 6216
16800 4668
2221 8587
861 1591
19213 813
14966 6225
19343 917
32182 8809
19960 7797
23205 397
21664 5378
13319 8202
4892 8035
27046 3623
29723 9097
11601 4882
13966 2558
10533 1739
26124 6865
23307 2064
12916 624
18818 2648
27348 8935
30111 5108
8073 8488
11857 1571
12200 9691
10474 3333
17821 9497
731 2979
1810 8099
4287 5020
31763 5513
7836 643
29039 3943
1381 8039
23137 2434
14787 6243
30063 7092
14356 7959
14483 4276
29109 3590
18585 4698
8060 259
32712 7953
7561 7125
18372 1422
13375 1090
19123 2784
29325 4955
16287 7592
32114 7060
22043 2395
30912 4920
1322 2085
27936 7578
16732 5185
20310 287
24122 5910
3270 58
7908 5492
16695 5703
14841 8816
31192 4300
21687 3947
10624 4925
14692 5530
12858 2048
19692 8530
10241 8352
1995 562
12488 7861
30253 5878
9662 4484
852 9864
22991 5795
5179 1609
10606 6720
13689 9361
14226 9539
24679 1524
31742 5328
7045 7574
1734 6209
31258 6271
7439 7348
16155 2962
4886 7457
10062 8427
1908 8447
7855 8583
25504 5287
25875 7673
17845 5480
26123 394
14197 909
18443 1600
22158 6540
30412 6259
21021 897
11502 1228
24945 7242
16610 3518
6161 1460
14599 6777
15104 6198
27411 7884
31551 1724
10933 2460
14740 5655
19321 4739
14218 7267
31211 1514
22969 7305
12287 7913
24391 4982
18608 8110
12975 7276
30440 4717
14273 4183
9120 7816
15083 7363
30536 143
26038 1356
4713 4921
23699 3749
14729 4547
27096 5613
30799 4936
23046 895
32743 2658
27981 1018
17576 1808
594 3985
7924 72
24111 3619
29536 7535
13755 2700
9749 7687
23565 5805
23927 5880
14907 1867
22532 227
29799 468
22910 2946
24573 4487
29516 8868
12086 8003
11294 1847
30177 6736
19152 4119
27490 2510
18577 2103
3579 1963
11844 2173
2890 4217
24870 802
4627 9407
8881 442
28992 30
18369 4033
10278 7015
27382 5943
19466 6923
7769 2398
26340 3267
24642 5185
13154 49
22393 9559
23088 4343
6811 744
5239 9415
1727 5327
22436 1370
26970 7649
28266 8949
352 1325
8970 1320
7084 1540
24274 7977
20130 5035
25315 8609
6419 9854
32312 9109
26720 888
25828 3560
18915 9873
3227 3439
19338 6966
12916 1125
20421 2559
28141 9391
22691 5357
30000 4771
3640 9875
30357 7813
1089 8742
11111 3394
779 2968
2027 81
22416 6177
11422 3398
28387 5983
31935 7544
16591 3408
32269 2102
19899 9677
26066 8902
13265 1306
30496 5870
8032 651
5723 9527
6782 4377
13815 6622
32753 5924
131 1500
5456 5691
25575 1545
4197 2059
25066 4972
3030 4213
18935 5030
12036 4531
16416 5313
3380 1755
13667 3187
32749 132
13612 8199
160 5737
11292 1821
17807 8381
3081 9424
9703 1566
28998 217
2351 7644
11556 9874
26086 6347
22968 7310
4968 8136
23263 135
29458 1161
28800 888
13478 72
15889 8125
14833 2960
27485 3655
23979 8248
17028 820
8606 6113
28483 9998
2059 9467
17269 8386
7241 4189
9434 8101
28335 836
2072 1330
1972 4155
7423 7671
5717 6012
4113 7281
23991 9126
1346 9620
9742 10000
12284 176
13501 3517
11366 1536
4031 9120
32230 8629
4165 6753
22245 4930
2208 8464
3538 6073
354 10
25449 8903
20928 4523
32309 5627
5947 1955
16211 1740
20608 3595
21626 124
8076 905
11064 1079
30483 914
10622 9633
14115 7696
20319 8159
32005 7876
9749 756
10852 5406
8261 4479
26544 427
20356 2339
9669 3805
4889 8712
25288 5553
9220 8048
13906 8974
8768 7708
26833 186
1862 7951
6699 849
8658 3747
15268 9720
32489 6523
24833 1662
25627 2665
11501 7876
16134 273
23709 1679
11803 990
14000 652
1701 7780
24921 9667
31750 3333
25535 8831
19524 1047
22180 9149
5573 4950
2117 130
14935 9894
6018 4738
29556 9020
19007 8207
31683 4270
8970 5519
29153 167
31230 9153
22626 2368
7399 5729
22291 8235
15015 1466
8578 8370
7640 8475
9921 6160
31410 4573
28262 4909
21551 8004
18134 7472
15470 4852
10436 1152
29781 1606
29684 7900
11899 650
26949 6844
31045 1151
1518 4455
5199 4802
9224 5814
13581 6580
1101 9065
32434 1231
9503 4824
12624 9465
2764 7549
21569 9498
23824 5889
24519 9163
32219 1443
10735 2991
32085 4384
6843 727
3871 703
27519 5504
25820 8493
30092 8623
4593 953
21516 7617
23688 6576
23853 7308
8155 3307
13954 9322
9135 3735
2214 9287
3358 5350
5666 2280
19610 8452
14736 4958
11567 2989
3841 6796
26888 3501
19613 4405
26421 4712
3721 1194
1708 6315
6670 8819
6797 2706
23543 827
31658 860
9786 481
21318 8076
28891 1180
797 657
8718 1758
20133 152
8604 157
10644 1616
15239 1134
20386 3294
5617 8754
2448 9410
15930 1462
17257 8234
4457 8774
22536 5414
973 8658
13786 2604
3044 5075
16613 125
13435 2607
5641 1095
6679 3627
4998 2828
22420 3425
19135 5251
9740 8115
16190 3214
13306 110
5879 3516
30623 3410
8145 9231
165 4369
20066 288
3331 8678
6650 9666
25888 232
23012 1396
17211 7967
2024 6347
18954 4999
3092 1968
20129 2579
30141 8757
31126 1507
17856 9470
867 1544
11789 8894
4107 2807
27239 2543
28161 9421
5733 8534
15429 6466
9405 2854
15312 497
23489 596
20530 2519
31530 4891
29562 2010
28437 6289
8534 9804
13387 5385
32123 1008
20933 4667
14663 6572
2928 6385
31909 4063
12845 739
22066 2245
13596 1173
30366 9560
22554 3215
15188 58
13192 9373
19549 1761
24911 5273
20865 6562
31520 7846
688 657
19969 6030
6049 5671
26373 1662
23225 7621
23898 1199
25390 9752
32137 7657
14956 1757
14842 5524
28856 8023
1207 9759
25875 3743
30321 7156
17505 748
26312 1803
970 2067
22983 4447
23137 1984
26286 1054
32259 598
31733 9588
10114 1971
9357 8138
8707 4712
12905 3595
27045 9767
29245 4296
7524 8125
19590 1532
18492 435
30666 7810
17809 1680
8225 5062
17614 7569
10228 73
12365 59
26117 2025
31607 4831
1199 6816
7212 7072
26224 7180
13157 6050
13220 1295
10519 3331
30099 1048
16219 6638
25262 946
24781 3117
16406 2235
11825 6351
31838 2599
3933 1323
26514 1078
19283 1668
11384 3491
27565 4045
28437 5247
28478 2271
13427 1902
4086 1576
30626 3728
8198 5014
4093 194
16965 2101
19630 5078
466 2437
26997 2576
3323 6271
16549 8531
5982 457
24175 8028
10062 793
22882 8748
21113 2934
5171 2860
11719 1637
19642 2348
29829 323
7230 1836
10946 9838
19698 847
16121 4569
10431 1245
28401 9503
9540 5384
29666 3815
4380 353
14809 7337
9823 2315
9821 8257
9835 3744
12883 9473
25316 6132
23327 5804
22521 2215
12044 8560
15337 4318
30958 3363
10182 3748
20230 9410
15738 1853
2341 1766
28423 4299
25108 887
19219 2565
18484 7557
29347 1428
8546 3141
7207 6288
1565 8265
18359 1579
14315 1524
2204 3948
22264 2380
2066 2526
6913 945
9548 7370
4976 6204
22201 8227
13001 5211
12422 2560
10564 333
13412 9455
21180 1721
20107 472
15303 228
9214 4704
551 3010
5649 7407
5217 4284
7977 5620
5291 1779
27844 7815
25355 1972
23225 6095
4798 637
13248 4581
20183 719
23348 361
29224 7012
17432 20
22117 546
22873 1966
7815 1089
15186 8816
111 4682
30357 1132
20940 3377
6121 2748
23614 244
16783 7465
15548 212
9674 125
21043 7491
2718 7818
32623 142
15063 1020
17471 1022
2125 2109
29140 9322
17255 4280
32363 5519
19422 8304
15404 3762
7875 2017
30545 677
1476 1959
16266 776
19371 4367
24736 6834
6695 1098
20057 4961
25807 3241
1949 862
1380 8405
13526 7828
27990 9118
1437 7218
4234 903
4498 911
27995 3615
16523 2030
21983 4803
32242 2962
24171 2
15208 2340
5465 4002
1710 7410
26632 3969
14022 8378
22821 2494
29781 4984
27689 2329
8524 3772
27171 3832
25543 4895
25528 7516
22582 2168
5224 4052
11962 2890
2835 7872
14290 6704
15291 7000
9270 3388
24203 5870
31747 2059
16408 4384
4377 7421
26344 7667
28865 2116
12849 6525
6292 8507
21986 2914
29336 7434
22503 594
23723 471
29353 6336
16165 5566
213 9557
30393 5348
22111 9126
5532 7801
10950 8612
16361 1100
30873 7027
10053 6595
30266 9549
27071 8331
3042 8215
22521 3277
27365 916
26253 9410
10808 4665
20138 9208
3120 5042
8702 6773
20876 371
21977 603
15798 8080
2447 1933
12358 2593
3102 657
30664 6304
25872 4742
16831 5509
25763 2552
19434 4340
32552 8898
15045 6885
30633 2548
14675 4117
7630 2165
17947 2683
8961 1178
20848 5758
19153 2391
4342 228
31380 693
11362 7486
27729 3605
10113 1635
2269 5524
11644 3017
11587 1920
8538 699
24425 7914
6086 5816
13809 1516
7699 1128
30558 9341
29309 2980
13432 8738
4530 9478
25073 2200
15761 4927
13640 7343
24881 4344
18670 1561
30245 9163
19368 5251
20222 5795
16180 2275
27410 9233
2607 1379
14204 4449
24886 9549
24932 1148
19276 5496
7553 7406
17787 3617
2267 7755
18878 3869
1750 8910
15647 5742
16492 3362
2333 8388
10426 8309
25680 7238
10942 6298
3664 9330
25695 6142
722 9201
4781 7260
26644 2670
4971 9221
15484 8025
8139 3466
1916 7655
9336 1516
4536 2252
23257 9031
26731 155
1941 825
12294 1821
594 7305
2587 1200
27331 614
4730 4802
12001 5614
14234 2367
18040 417
29242 7607
18406 9620
8263 1428
14879 330
1793 5450
18421 9648
16474 4863
14487 7912
6046 2445
20823 9848
6489 6614
1200 4259
23158 3032
4743 4409
15012 9409
32177 1867
9726 7492
31414 6610
6634 3404
15316 2736
28993 1569
15943 7062
15281 3385
31944 3352
9312 176
11092 7118
11218 3451
24622 5452
14605 5210
20007 6373
17915 9644
29725 4731
11023 4679
26050 3194
20011 3896
4510 2566
14530 4248
10328 418
22842 2080
2353 4610
29588 718
22481 675
1358 616
8006 6249
8328 7296
9802 2602
615 2713
22724 1082
26807 9113
27282 5429
27348 3168
6022 100
22986 4536
9390 9994
27579 8333
1753 3902
13953 7182
21078 3839
15765 805
22527 7923
5935 2660
4983 1488
27823 9280
20143 4974
23100 7074
7855 7740
29099 3579
7571 370
25762 888
1491 3367
6653 6087
4808 4357
12912 7321
19052 9370
16494 2201
5218 3728
14154 2075
16950 5327
21917 1032
27877 6912
3815 7785
19360 4613
14457 7442
26573 2088
32146 866
21071 946
24264 4775
15879 1085
16553 9063
9114 6252
19875 2316
21109 7833
12065 960
4879 8175
25079 5146
15982 6617
10752 2343
28397 6138
26885 3628
11836 415
23777 4971
17576 1506
2275 4853
3485 3952
20084 2207
30057 2909
30970 1383
1090 1926
16636 6601
6795 7992
2694 893
16979 3023
25295 9251
14879 5234
281 2034
7401 2493
20185 8349
19304 6654
15128 568
31378 8197
23833 1193
2912 9525
10812 3426
4049 1376
17186 9230
8497 7266
7186 7498
27547 1516
1179 1654
4797 4884
21115 812
21467 7451
13248 8016
2326 5296
27693 9960
29167 9347
479 639
25863 1884
7473 9028
20264 5229
8156 8184
9097 9621
14179 7976
8526 6695
28334 5640
4687 9210
756 4673
26394 2562
32735 1163
21563 7471
26347 1023
21691 6612
26128 7030
13798 6907
24992 8726
4177 2823
21874 5743
21020 5978
20800 1904
15989 5144
5198 3632
1629 9627
3148 3817
24239 5384
15230 6855
14174 3283
18970 3842
30718 2879
18162 4264
25990 6040
23378 2384
5460 1636
30252 3290
4465 2855
12914 4346
4631 7126
31940 8230
28784 383
15435 9470
13985 4391
741 7100
28935 2900
2178 3996
9408 1324
30158 6413
3950 9101
16912 5353
5175 1134
10321 5154
31249 2373
30658 1389
24380 2123
17240 6675
1551 4094
13497 6645
24312 7270
1627 3009
29631 7626
26858 8083
6154 499
22507 9421
806 5968
8608 2313
14084 2764
9771 4766
22658 3949
4597 146
23788 8830
5969 6383
12483 3440
27485 1385
15293 924
2601 5870
26124 3293
1564 9263
739 6476
26259 1103
17463 2123
22986 665
7107 8885
15872 5735
11598 902
17878 1520
13872 5159
15353 3873
3603 3933
10752 5216
9463 1475
26264 8844
8825 6869
20190 649
2644 1775
12044 2219
2600 3108
7768 1601
21626 3843
21017 6308
11516 1079
11308 7440
2575 5470
2198 8610
28551 6685
3690 8994
26286 4258
2030 2499
14219 5386
1529 7449
18276 2596
21151 8170
16513 8373
30480 4568
26419 3965
22718 9374
16405 7930
12734 5321
27538 8876
26737 1929
23207 2872
2659 9064
16618 1057
28275 7578
26572 1476
16949 358
18203 9891
1684 6228
1739 6357
16316 5575
19957 9259
23607 7997
800 7734
5973 9140
25024 2631
23250 9807
2300 4807
25523 2794
26548 2872
11889 6698
10691 2299
28249 1096
2689 1060
5171 6608
12428 6636
10274 8885
30409 1717
31435 7112
18085 2371
29113 1128
26529 8744
29440 5628
26637 9328
13345 8575
787 7151
28718 4346
10232 4456
18735 2409
1695 9951
22723 5863
17743 4385
13323 9787
17333 7011
26307 9063
3885 9320
10674 4542
27709 5671
22597 2951
6498 1644
26999 1359
12048 3326
28659 723
16628 769
25981 830
9340 9629
17806 6256
153 4846
15166 9056
2756 2797
26215 836
5439 591
31752 3662
21149 6621
17895 7208
29316 7028
17787 6052
31666 7277
32264 7901
1854 3504
10764 1154
16672 2372
24538 9156
20980 6090
27013 9566
5627 8715
21503 9588
17763 2095
31106 9327
29128 176
2863 8472
31994 6350
24054 9651
27905 4101
32437 7055
16734 3915
20900 6427
11668 9678
16624 3339
23783 9021
16038 4138
9060 2550
7635 1586
16417 7040
1770 2330
5318 7978
2917 1455
30284 8852
7343 1879
31493 8108
27202 5074
27101 7164
27404 6257
11999 9489
5656 7756
30971 144
3690 4926
25862 9604
17963 3268
23042 4235
23814 22
31392 9809
15825 6581
20483 5533
16240 1782
4551 7291
19702 717
12098 5706
22798 8509
32265 1735
8346 463
12726 1561
153 2338
233 1630
25422 8482
7053 2550
2207 6316
22109 7439
11707 7840
12198 1296
22527 8360
4430 4395
18203 7385
29717 364
21104 2071
18459 23
13757 2461
18083 5441
4347 2269
4374 4061
8069 2949
16715 9226
27260 5075
20229 1851
31338 4939
28349 1111
19493 2710
19874 8610
3319 5885
20191 2028
25083 4086
11804 7176
16074 6622
11079 6784
3927 7176
9108 9847
14616 2565
15298 1567
14183 9492
32673 477
22311 3916
6865 9
21930 8648
3788 2810
26322 4434
2598 4417
26231 1027
17684 8004
14601 457
1836 3423
8055 538
14955 86
591 5097
12156 9710
30758 1015
30519 2732
2874 9291
30057 1390
598 3781
4307 7385
12534 5887
9333 6851
4780 2085
5644 3762
13762 8887
13785 1556
14625 9628
19364 625
24945 5722
29953 2157
2434 2115
14546 8946
29163 6385
29709 1486
13297 6742
959 873
23466 7741
20561 1482
28002 7477
7690 4922
23101 7007
18134 7449
10270 1670
16710 9295
20680 7023
6359 7478
7235 3521
15223 6966
31362 1766
16453 6593
8258 9954
2969 2097
27445 2132
29764 526
20832 3979
19993 8404
24513 6250
32172 196
3126 5983
31065 9306
24218 8993
23432 7071
13617 2520
27184 8320
10310 5569
14234 8607
20754 1330
16488 2488
30688 4139
10965 103
28015 6622
2878 7576
5016 6528
20962 1727
22832 7376
17894 6921
11568 727
12700 5170
11539 1889
9220 3752
4736 875
27539 2256
9257 5341
11828 9304
11763 5179
17037 5325
17495 8694
11907 3326
22280 1320
28416 2336
22230 1680
27891 6548
29394 1498
17305 1606
12467 8195
15356 455
25720 5403
8633 7868
19279 1948
21765 7944
19894 2379
15858 7976
11488 7276
1263 4686
8026 7051
13454 2385
8430 1288
10379 7347
31176 754
28169 9042
16599 9031
31006 371
23926 1514
21394 5836
19532 4903
10468 256
11120 1972
21390 1601
20945 472
20362 2673
30166 7552
13845 2297
10049 8543
9907 4926
8281 7046
16755 2976
12872 244
5748 3589
20674 6208
11944 2150
231 8981
4568 5608
12139 7597
28137 878
12788 4641
17245 3053
30659 5760
15133 864
11671 654
2421 8573
22734 6334
608 4503
11726 4243
17158 485
9635 9428
5251 5636
5865 7215
27626 4280
21997 7535
11145 3321
8207 2704
2415 9739
22123 7554
16172 9710
19384 2012
26328 5096
10607 4756
10583 4783
12336 8924
8666 9580
22371 4687
6825 716
4123 1964
1825 8536
12095 3009
24312 6504
17131 3068
16073 8628
22292 687
29132 523
28011 6338
18660 2215
11396 7549
25312 7808
2616 5974
18938 1376
30024 6744
2724 9112
16962 2773
10117 7089
24489 1580
3774 6373
5456 5166
29809 366
21255 318
13956 3359
21113 8376
11682 9634
4181 2900
3971 8706
24748 2570
18030 1131
8859 1159
25084 3678
22313 4049
1310 7865
8050 984
30049 3398
26118 2222
12145 3747
14220 6248
9436 8338
3755 1125
1817 6274
5930 863
17353 4365
11349 7983
5692 2243
5795 1974
21047 4568
19607 153
19445 777
15076 9132
363 4725
22484 1251
26833 5081
1514 2917
2141 8412
2503 5842
15186 4733
5962 8902
18489 5578
14843 1438
11374 5634
7338 9563
16607 300
29779 4772
7185 3882
4677 3041
21860 6489
24963 9222
3479 4362
21355 7708
24718 2134
32661 3110
9299 9596
31486 9122
6492 431
10854 8719
28684 367
5110 7246
18299 9460
29734 7084
2426 8290
6622 9902
18386 1497
19931 5198
32461 797
18773 7110
24824 3654
32735 3466
4134 7432
16526 8267
26552 2613
29277 3864
15388 5793
28624 216
13204 3463
17880 54
7225 491
23031 8780
25407 4319
15268 3732
4474 42
9457 5018
28961 4421
28267 9541
16595 2952
31298 3256
6103 1413
23210 4708
24488 9410
14208 3841
1713 2093
14129 2140
20565 4491
28376 8915
26162 3426
7590 3167
3751 9736
14215 9969
11411 4252
770 6688
27744 1155
20065 5650
16961 3413
19 7337
7607 3465
1614 2592
30298 9662
27129 3894
5590 5212
2248 1418
17204 1818
15017 104
13147 3969
26207 674
25302 3025
18796 6819
15575 723
30517 8880
13180 3567
21345 1632
11602 6654
2946 1117
27672 4386
21495 5819
20677 2325
27665 345
8396 3631
11636 4934
12446 6044
10944 486
6000 6222
8561 4565
20543 1247
17156 9323
27666 9657
6492 5728
14720 6889
2659 8706
1393 1777
16116 4980
22825 1950
28921 1625
22914 297
25808 3538
11128 8481
4596 4629
491 2153
16089 6655
14497 2606
5143 9690
8331 9533
27339 8786
24905 1298
23098 4820
5103 2947
18616 6697
31498 6654
969 290
31710 8849
9093 1124
15602 249
15681 1270
3535 4732
10603 2536
31748 8362
24758 1174
14701 2177
13431 3757
14261 7921
26191 798
7450 9073
25355 7313
30320 8223
9416 7083
19049 1917
91 5619
29203 9530
25072 4913
23202 7934
15600 8216
5232 8522
13097 8535
21314 1103
14121 1850
17357 5087
11754 2614
23161 9697
21429 9732
32612 424
26688 7389
15274 9430
26138 8744
19428 3725
18760 3008
15342 1335
10545 2425
28654 5078
10679 9476
16017 8190
1959 2529
152 2034
17491 6420
14740 1660
13437 9579
15853 7937
30327 8463
31273 5220
5001 8778
16235 6682
20627 408
14650 4574
29171 3217
28804 3702
30377 6341
32739 8150
3769 7353
23838 9987
20689 241
23539 2939
29484 9038
19988 2962
2998 2202
25711 4880
7025 3954
13746 4234
26903 3844
3599 5661
28417 4136
27709 2051
24647 8884
20415 8527
2345 2298
15464 3851
3758 2277
5919 1572
20874 5780
16352 1380
30789 6214
3331 5136
25754 4599
3009 5891
6174 7450
10740 2667
19490 5287
11550 6995
16601 1494
6829 9697
1982 973
30077 512
19760 2599
29855 2897
25951 6806
5977 5517
8300 1674
14957 5550
10700 3762
4766 3151
30446 2
12401 9264
2333 2262
28977 1855
1703 438
309 7636
28479 4170
21350 6076
28576 8688
12795 3384
6259 4603
19591 2454
31859 5471
26422 5744
31183 8283
3923 6724
13007 4917
30990 9189
31163 4444
27261 1935
13305 2154
22496 1152
30837 2008
5417 325
27974 2663
16572 5107
10382 9916
19315 7416
6305 6364
16869 8176
14186 8793
15080 3772
3339 8555
3924 4544
17860 2242
16138 684
24342 490
10037 9117
12328 2864
28112 565
20841 6821
18025 1897
10103 49
29732 5913
5440 4985
11522 6437
6503 4180
16995 7901
23273 3611
13002 7498
26880 1551
2273 4604
12871 3935
11197 8772
30495 6138
1122 2243
15186 8097
7306 4257
31479 561
6818 1602
9878 4912
16150 5879
10892 1589
18126 1937
1456 8493
22265 283
13110 364
22025 5577
27604 5617
22014 4651
548 2253
29672 8326
24138 2532
20647 9989
23766 8037
1782 8428
5356 4359
17064 8526
18850 1956
23856 3455
2729 7947
9063 9036
18480 6624
10378 5769
24069 3303
19074 5195
23037 2657
19305 9928
407 1878
9289 4188
23260 84
29991 2942
15497 3414
13888 5393
10608 8
3730 943
31516 9658
29598 4419
8116 2068
30317 2726
28449 4938
25041 605
23411 7055
3565 5680
129 9758
3319 8622
22224 8102
5437 7519
3511 2342
19558 4170
20672 8730
22523 4873
31824 5957
22310 9930
1419 7760
10681 7047
6514 337
10353 9447
14158 1711
12925 662
19026 1669
13370 9587
1660 6213
2881 7145
3260 3279
27555 9841
6744 9362
10867 2165
18319 1042
4485 199
6525 1947
8310 1939
27454 6725
24300 5891
29270 1144
9247 3634
25168 6050
30617 6211
29606 631
28474 7091
20961 8536
11902 7452
13569 4167
27395 1723
10783 2057
6725 4388
20305 2205
11436 3668
1742 8733
31178 4168
25939 8131
16861 8108
24517 446
26780 8758
31767 292
19760 3541
2414 5065
25472 3188
9091 4737
29361 3363
1353 5251
7405 2792
28369 9904
5220 9409
8810 2866
8593 6877
15628 9239
24255 1276
28151 8112
19659 9253
20887 7925
9515 4663
29611 4460
3375 529
15526 2618
3719 7189
20053 7048
30982 5770
5059 9129
4518 2786
2138 1340
13003 1148
31306 2061
16844 2315
19503 5873
7599 6390
31214 7282
27444 7840
25823 2951
25110 1323
11058 8679
32653 8681
3723 5743
16919 3748
11760 7763
21112 2175
5861 7170
15871 5244
29141 5213
9740 6847
19892 6264
2255 626
20195 3138
1874 6907
17748 6946
19642 1947
28142 9282
31434 840
25395 2577
16296 8285
288 7476
30948 9632
16468 1852
1974 261
19573 8334
14983 6945
22992 3694
28595 3554
32319 1293
21902 2141
4432 7494
27557 5447
22435 4579
10566 3112
32148 5125
27970 5469
9498 964
6897 6429
2799 8756
2167 4591
1778 6552
8774 9434
27593 7211
26596 6828
2506 3037
9711 8575
22812 7514
4446 9401
3865 2978
10249 1395
8951 6676
31340 2524
1448 6412
17063 3054
4350 5887
27850 7762
29203 4324
29776 4816
4840 6038
15081 4938
18252 1751
15485 2153
16640 2871
17517 4215
3864 9446
2076 799
11428 9622
19118 6738
25232 8564
28175 1980
201 5896
5431 9366
12961 1594
15277 45
29301 1272
26186 738
24717 3542
20800 6339
323 8533
16219 8667
9832 1671
20102 8422
2019 6530
30096 8231
20379 419
3888 3821
7320 4373
5703 1827
16741 4865
30566 4055
16824 1416
7056 1614
21332 8304
4161 2742
26159 6875
28846 1595
30672 6670
29775 2270
13820 1840
18075 2723
13457 6002
3091 2250
15026 6014
14465 401
27428 594
6786 7768
19448 2383
16450 8853
29035 4189
6535 4952
20490 3218
31473 4673
31258 4179
26240 5105
19510 169
15702 5999
19770 360
16062 6316
17760 156
30830 8712
20649 101
3081 247
28799 1956
28136 8270
24728 374
282 1315
13085 9217
13481 7940
30732 3261
1567 8902
29659 8005
3401 9441
10590 2334
30011 9817
15082 1847
1684 4913
26299 4657
9988 8075
8851 8096
29195 6819
6820 5363
20227 3853
6064 6705
10336 1500
4207 5701
10295 6548
27185 2011
7677 34
11460 9019
29074 3003
11672 2470
18301 1058
30241 2094
14970 1518
27005 6171
20018 5979
27991 4843
32585 8272
6667 2154
5277 2753
13834 2610
5581 5685
129 7956
2809 2059
3893 5768
27081 5337
17329 818
21425 3733
7076 1269
2419 5591
24709 652
14309 8366
31352 6599
500 5026
27253 4979
27625 5771
12199 589
3051 3168
7186 7320
9157 930
23673 4492
2026 8266
14207 5858
30646 7888
18444 6526
19191 3454
14066 6188
6316 9428
14289 3902
15117 3789
19768 8164
21707 9154
6156 4493
15256 9533
13870 686
27626 2129
29784 2593
27132 4152
22344 1199
13334 8541
16417 8768
10767 3019
12302 2066
3600 1909
28456 3817
666 7912
6810 406
10699 4334
24066 8507
18909 7300
23579 6046
6895 8430
2714 4028
8712 106
1365 2320
15705 1842
7338 9924
17858 4182
8991 519
27032 6921
15942 1663
9382 2731
16100 2273
31089 1111
17489 2303
20417 5437
12066 6033
7260 9283
9990 1015
13845 6920
14318 4878
31749 5705
19057 7409
12569 7751
31598 4578
12493 8409
5875 3785
24886 7262
14941 1740
1606 9349
25025 3808
23116 4897
25739 3455
4026 3127
9573 1258
8235 138
31067 9169
3236 9177
2620 7968
29466 6518
14403 1292
7477 3147
16118 319
27732 5273
8527 8656
18129 1745
8474 279
27270 310
17822 2991
18576 2306
13695 7325
20050 6216
26595 128
16317 6906
28884 8297
1743 2492
27878 5741
7258 3512
20505 9656
28167 6980
7168 8580
26010 6593
16675 1691
30072 5525
12195 3962
20070 1996
23324 6198
8851 6362
13775 99
6617 8068
26369 7187
23360 4127
16542 4252
20420 1945
14370 3981
600 9047
26297 641
16682 7790
21669 4581
25641 9143
5089 8631
23749 1900
28164 6960
29429 5464
10599 1604
21375 2975
10634 8918
21364 9096
28340 2257
3321 6484
14554 3733
14669 7354
20930 9679
27656 6529
17001 3740
5025 7906
30625 8367
25395 2860
6654 6945
2433 394
7411 3496
22839 2003
18745 6028
18035 4288
18032 7061
23939 8003
26633 377
5873 6997
16739 9637
11452 2368
17716 2217
21737 3311
29739 4713
1338 8548
24276 4513
9278 1704
32443 7578
19338 1128
10964 378
32581 5805
11034 1680
32490 204
12151 6400
4937 2288
11748 4636
32207 4933
27601 2388
27912 6071
14023 1086
6754 5466
4172 3514
30004 7467
20743 7520
32510 9158
1828 3787
15603 3433
5114 5465
25268 9625
19691 5315
6751 1220
9100 6203
3528 2215
6406 9348
5382 3345
189 8310
11826 183
22063 9889
8811 6665
10782 9938
31773 4965
27377 7396
12931 1707
3160 713
11883 8401
21039 7194
3130 6535
17061 4970
16175 6733
925 1985
31212 1508
10068 7384
50 403
11332 9537
17900 4731
13385 7785
32623 3021
14083 608
1792 1610
13179 1592
15254 1499
9481 2060
15586 7427
16245 4515
10381 7681
13916 213
15553 3386
5077 8413
1002 5590
25173 4911
28094 1850
11728 9725
31099 3399
8225 3845
21871 7808
15532 9677
6078 3953
32578 9265
29792 9534
25157 284
5225 3242
4108 4965
29325 1018
17288 1676
24803 1881
7208 9494
7145 7421
26875 757
3785 9001
12053 1323
11482 9716
28467 1184
1130 1930
28322 6418
28347 4946
1884 7901
331 5504
17269 8204
9304 8428
18357 4862
29348 9938
20871 5020
18038 8987
19473 6057
6113 2796
16549 9979
4168 430
9816 2506
30498 8894
21744 2151
23547 3270
7940 9327
8635 6619
22366 2912
20267 3320
17828 7530
18613 6027
20024 7017
22380 4382
20828 979
8524 6121
1434 3309
30402 7798
20835 1907
6511 1141
26614 6119
24617 2257
11651 5002
23618 1571
9872 3097
25613 2614
30365 6649
9887 9242
12803 9270
11475 5117
1826 2745
27537 7607
699 1368
19279 580
29595 2290
18647 3335
12666 1771
4939 7181
19234 1701
19303 8176
24532 3792
18439 5214
10215 6595
1001 4281
28850 9355
6323 9151
4012 3219
27448 7021
4306 4165
27895 2288
9289 9504
5860 7436
3909 5275
364 1457
9257 9144
15795 9850
1520 8285
21536 6472
15051 3615
3099 8671
21003 3103
24853 3662
8514 1674
18633 8661
23717 8267
11970 114
3765 2964
18718 3773
13087 2126
10897 6021
30944 8925
13741 2842
28588 6423
21856 5420
9361 6902
7870 3
29144 139
16384 577
1580 2022
24781 7958
26366 1267
22457 466
29223 3335
22796 5504
8911 6076
708 5489
7566 4505
27101 3462
18386 774
3279 8610
28289 4751
20313 7007
16351 8342
25469 7200
7345 8350
17356 407
1187 1781
8931 1737
8679 4849
29750 5854
14367 9134
29196 3693
31357 7831
17611 6391
3368 3236
12150 739
13794 2866
25972 2938
32745 6617
28051 3891
22298 3850
13900 4338
24156 9448
16201 5997
1340 4681
31780 3648
8405 9868
21618 6449
3059 1645
25856 9142
4728 3958
26204 6789
11262 7129
23703 9420
18877 7660
29770 9155
15279 7427
12503 3678
28915 9396
20465 71
6000 4647
1631 3308
24250 2333
31228 485
25145 7171
7427 9289
32392 1351
20105 2657
5659 5290
25675 8141
2341 9654
426 6246
25784 4321
24564 5187
3374 8851
27621 1696
26569 8437
23662 2092
18326 7146
9908 49
8599 4738
29532 7242
19488 4845
30982 7920
19842 9741
24599 1925
32231 111
5052 9333
125 9948
9260 5689
22487 2218
7725 590
6544 9912
31705 1782
1329 7642
4770 302
596 2082
8852 4543
18954 432
27354 2440
16251 5819
26500 8124
15308 9264
7303 104
20806 4363
4613 377
18868 8772
26063 8459
25612 7579
5673 3604
5458 3718
27085 8386
20666 1578
6450 7266
6925 9593
7437 9763
27981 5196
17945 9690
10908 1137
531 3928
11610 5030
29193 7273
12174 503
13781 7918
4743 4579
4325 541
18883 9062
19517 662
27919 5779
31166 2618
13808 4832
31912 4344
27714 2487
31582 7944
1567 6313
7785 2619
32514 6822
16576 1698
10796 7659
30022 3566
1095 7003
1429 8408
18506 81
19962 7171
19356 9108
6848 2335
25980 2444
27314 926
26016 9717
15067 4268
24092 5329
16272 9979
17542 3715
11953 108
11864 9817
32555 4757
11413 4505
16833 6927
2736 2512
30477 2703
29865 630
1729 6520
18553 9750
15411 5167
5808 5245
27673 111
5725 8049
10128 6254
4142 5396
8292 1792
1240 2040
8843 6218
4793 2453
18162 7577
24252 4810
17277 8500
1150 5121
31817 3647
20911 9557
14900 1938
20666 376
10911 5290
26280 2592
3186 3678
2113 657
11873 564
19061 418
8814 2965
20987 857
19119 206
26168 4759
9042 9481
11106 8156
28126 6715
18405 1234
8635 8095
30982 6589
17909 2451
23238 5334
6205 8162
26377 5700
9521 6914
28663 4828
13789 3694
6563 1594
13953 262
5866 5633
31380 5317
11679 3791
522 9860
17893 7941
9171 6942
2267 1701
16804 4308
21119 1980
26873 4833
31436 1363
1371 3088
14886 6176
2014 3549
11512 6722
10223 6025
15004 1726
8524 2130
25467 7955
4948 1746
14965 2789
25985 8231
3459 3704
21811 1939
410 954
4271 805
9683 1430
871 2472
16842 854
14204 9658
25411 169
28801 3071
28436 3894
25474 2487
14655 8448
12356 2174
26718 8218
32719 930
10308 7997
27690 3722
28641 1703
5478 9637
24166 3254
2013 5745
29610 9046
22460 5597
10188 3271
5567 881
9755 2946
316 8172
12082 6013
7011 3774
26215 7693
32708 8759
3687 4620
9746 9168
31002 3004
28966 1337
11981 9898
12102 4722
4239 7494
28584 1390
31195 7539
20786 693
9592 4554
11908 2953
22942 499
19256 6475
8026 2934
26216 815
2355 1022
22129 5085
19726 3584
4599 7897
13647 9068
18986 8517
11585 5665
31303 4582
27832 3589
4193 4884
1781 1573
4961 4278
24777 4697
27212 1342
20990 6684
10436 9248
30194 6523
1234 3881
28549 8732
23010 4989
9269 3105
23823 9073
12936 9581
26273 8091
10155 4982
29908 8663
14424 8955
19420 1579
252 3272
22309 9501
4378 2712
12255 1587
17898 7851
27834 796
14407 7528
7918 269
16840 6227
8319 6702
23852 755
6079 2358
26107 4382
21524 7300
31594 4374
26619 7968
2687 2760
9293 4913
17271 8577
22722 5649
32357 1908
32179 3902
21275 4539
11044 609
26701 8362
257 1780
15860 7258
25768 4272
30449 4628
14248 4437
26099 4827
27592 8542
24986 5408
6220 1603
9181 7328
29811 7392
14505 241
23364 6871
16330 5357
15498 2098
1551 3006
7966 283
14761 5418
6244 7167
15829 3201
23832 1008
25019 7269
20299 379
32405 2568
11688 7498
16659 5805
18428 7530
8702 728
23798 6207
21021 2135
1323 1734
7509 2133
20316 8251
2323 2589
29180 6365
12783 4988
13805 9087
11401 746
32395 1472
28087 3002
4843 2285
32227 7407
3172 5989
31662 2497
3663 1246
12761 5281
11020 4038
17510 1290
6726 7325
14586 7145
9335 865
24198 6750
26542 5273
22566 9794
22928 1798
20298 107
10908 6790
4371 5487
28340 3611
6912 1014
11993 4156
23241 690
18487 7211
9611 4499
15457 4743
10790 1254
22237 1650
25315 5422
19427 4533
19035 7206
13410 547
22420 4694
2884 1900
1388 2724
4083 8755
26939 9148
12828 9938
7348 819
27315 8667
32524 2121
9783 7810
4447 9805
9271 8922
29263 5349
28693 205
15598 2334
22282 6129
20190 7745
32618 1335
14774 7287
1321 693
25512 4414
16287 1958
7009 1916
5256 5040
9009 1923
31823 6663
30572 7014
7052 9328
21520 9979
5579 7384
15783 17
32143 3398
4463 6580
1430 7183
24761 3903
22367 6217
7055 7265
13034 881
20121 2948
15295 9409
30786 4617
5937 7036
14614 8120
16356 3196
25454 2935
12941 2302
11856 4424
22521 3660
3985 1464
20561 6060
316 5557
924 7494
13880 1728
7045 204
548 2211
19038 6837
30854 7253
870 267
1829 1083
2119 1142
4019 5249
28643 6791
17583 9674
2640 202
19850 7301
17953 8486
30217 3488
31464 9750
27882 3073
15609 7325
21962 722
7792 6070
12870 9821
373 4986
26209 3193
24510 1926
23589 9827
11094 7211
2702 1984
11421 2759
25507 3634
401 2277
28134 2729
8779 3585
3310 7372
3788 1406
15699 6057
2554 603
18378 4185
1510 8195
12177 7223
9552 6292
24590 2514
30317 3826
23987 7521
19176 3053
32292 183
20774 8081
27548 2104
21198 7117
30605 9178
15497 7206
134 6815
21254 4844
28506 2386
14658 9724
3967 2512
11270 4200
18100 2729
5809 1429
28646 1782
25911 9251
23893 5774
14186 2146
17907 3156
22904 2147
8716 9379
9653 7852
15148 7085
13211 7953
29502 5567
30735 2239
1777 3882
15078 4826
20320 1134
1448 5946
18161 5751
28564 433
21885 9404
27364 784
10162 6758
30546 2459
5558 1806
24026 9306
23821 282
22978 2770
12733 7818
21208 8467
27312 9949
3323 1026
19801 1961
28892 602
15515 6971
20998 8735
20198 4716
22044 4212
4003 9269
24930 5517
28626 2164
11391 2055
10737 5311
26498 6887
7456 5096
3618 2272
25476 7586
20810 7641
10217 2387
14805 1454
32427 8475
26774 4437
17878 2756
6043 1636
20620 842
16562 770
24999 3564
3373 3259
14752 9331
29411 8808
15280 771
8823 2046
28212 225
10973 8725
23126 4228
30233 5692
3818 9854
842 7035
19094 9212
488 3402
4406 2652
12874 6880
12414 3759
12139 4606
30689 8831
1517 9021
10162 2851
15454 7317
23434 4017
12475 4784
29673 1171
28466 7806
17184 3421
26156 5242
366 7181
7051 5452
19561 4132
18224 8961
13727 677
30401 3384
9342 3019
7849 7230
3953 9520
15456 4909
20556 4443
28140 5536
6122 4313
8872 5114
17684 815
18756 2520
8869 1631
7949 3796
20716 1274
1134 1339
24146 1349
31415 2481
21309 7662
12062 2356
13620 832
14084 14
17731 2470
24953 9919
32161 7693
16897 538
4752 9165
22680 478
31365 473
31477 4505
16777 21
25356 4792
11231 2983
1750 2081
27623 6785
7508 9765
28482 8718
29906 656
1847 2859
32361 6083
28757 4456
12999 2597
32090 9391
13363 5477
26964 724
20939 4786
5382 1181
20496 9311
13197 196
6821 3505
10820 2667
17236 1274
10212 816
29266 2156
14064 8625
11204 5862
20304 2385
3713 9875
11067 668
28698 323
25435 9575
31256 9145
5676 5515
11396 6871
7846 9476
27053 8135
7707 6917
28453 684
23906 6639
24589 968
18741 3809