53
91
12 24 15 20 81 49 88 36 44 58 4 91 13 42 23 69 43 45 64 67 55 7 14 16 87 65 31 35 29 74 40 72 76 10 77 41 8 1 32 79 39 90 57 50 2 11 71 3 9 63 68 89 33 18 61 73 70 75 6 34 53 38 5 62 46 28 47 22 85 60 82 51 17 25 80 86 84 30 48 59 19 54 26 78 56 27 66 83 52 21 37 
37
5 24 6 13 23 35 10 1 18 22 3 28 27 14 2 26 11 32 17 7 16 15 21 36 19 31 9 33 29 25 4 37 30 8 20 12 34 
11
2 6 3 7 8 10 1 5 11 9 4 
83
36 15 55 21 80 51 65 33 4 62 39 63 59 19 57 47 68 28 37 61 66 83 54 58 6 5 64 81 70 44 18 79 74 77 34 16 17 45 82 67 38 23 72 71 50 10 40 13 14 31 49 30 22 9 46 69 26 7 75 78 56 25 27 43 52 48 42 73 24 2 29 12 11 35 20 8 41 1 32 60 53 76 3 
85
33 66 56 63 41 28 40 11 30 37 39 20 70 64 27 13 24 71 62 84 85 57 58 82 72 15 69 38 12 1 36 74 4 35 18 6 61 48 31 67 50 79 73 42 60 45 3 2 55 16 78 17 80 47 59 10 53 34 19 22 76 32 23 21 77 7 49 26 83 43 9 29 8 25 44 51 68 46 54 52 81 14 5 65 75 
80
68 6 13 48 55 21 15 12 54 45 8 28 37 5 31 34 66 77 60 7 44 14 67 76 40 62 4 20 30 19 17 42 75 53 35 22 23 59 18 64 26 70 50 58 39 1 33 71 69 16 78 41 38 74 52 49 72 51 73 79 10 46 3 2 36 80 27 9 57 11 47 25 61 56 32 63 65 43 29 24 
90
69 34 9 50 71 49 51 47 14 87 64 43 46 63 28 30 25 22 58 35 84 16 54 76 27 6 4 75 29 3 55 20 78 42 48 77 83 33 17 62 80 10 45 85 72 21 88 36 61 8 68 81 1 59 11 2 57 53 5 67 89 52 31 44 86 82 40 23 37 41 15 7 39 24 18 73 38 70 26 65 66 74 12 19 60 32 90 13 79 56 
28
16 19 25 9 11 21 12 10 8 6 23 27 18 7 26 17 14 15 24 28 13 2 5 1 22 20 3 4 
38
11 37 14 5 19 35 28 18 13 36 3 16 2 25 4 10 21 33 38 15 20 6 34 22 27 12 23 17 8 31 9 24 1 29 26 30 7 32 
98
69 94 4 45 52 39 58 44 98 27 34 47 93 65 30 16 90 36 29 88 19 14 77 17 66 57 6 37 80 43 49 25 68 74 62 71 12 23 83 13 89 55 18 46 61 67 21 81 28 73 95 97 38 2 41 85 92 32 56 63 15 48 33 75 5 7 8 50 20 87 40 10 72 78 70 3 59 1 26 76 9 86 24 84 53 42 35 79 11 96 22 82 51 60 31 54 91 64 
80
24 12 36 52 18 39 59 78 49 23 27 28 19 65 6 2 8 17 55 26 9 34 3 58 20 64 54 77 1 48 15 50 60 29 57 22 69 61 42 33 79 75 63 44 46 41 62 4 70 25 14 37 73 56 80 32 30 47 72 16 11 38 21 45 71 5 76 53 51 31 7 10 43 13 35 40 74 68 66 67 
31
20 3 5 28 15 30 12 2 9 21 22 14 25 11 18 7 26 31 17 8 23 24 4 27 19 6 16 13 1 29 10 
46
23 46 22 8 34 28 7 27 39 41 14 32 16 11 2 5 29 19 6 18 20 35 37 10 3 31 30 13 42 15 44 1 25 17 12 33 40 36 38 24 45 4 9 43 26 21 
63
55 30 44 35 29 48 14 42 38 17 60 16 2 49 61 47 26 9 43 6 10 25 52 18 11 4 50 3 51 53 1 23 41 27 7 63 45 15 59 31 40 32 13 57 62 36 5 58 56 12 28 54 22 24 34 39 8 19 37 33 46 21 20 
96
39 82 20 84 76 25 95 7 68 91 41 63 11 37 2 71 50 80 12 53 33 92 29 67 34 65 21 59 88 31 61 14 58 46 57 83 77 15 1 42 26 64 5 87 16 27 19 60 55 69 10 70 24 90 79 72 43 44 8 78 52 56 93 28 94 86 47 48 13 85 66 81 32 23 49 89 74 4 9 40 45 96 35 18 62 73 30 51 54 36 38 17 22 75 3 6 
70
10 27 47 7 32 20 69 57 43 1 62 13 19 68 4 3 6 22 55 30 18 26 51 11 2 31 5 63 45 39 35 61 14 36 28 52 46 70 9 40 33 56 54 65 48 67 23 17 29 58 53 50 21 66 8 15 44 49 42 60 24 41 12 38 16 64 59 25 37 34 
81
9 45 24 33 63 35 55 22 37 76 20 51 5 1 27 6 30 42 47 7 46 57 53 34 10 71 4 25 80 64 72 77 32 12 18 41 26 74 48 60 73 39 19 81 11 69 49 75 66 56 23 70 28 59 58 8 43 79 68 62 15 44 31 3 29 13 17 38 14 78 54 65 40 67 36 61 16 52 2 21 50 
70
67 60 41 47 43 29 21 40 25 33 8 54 51 57 63 70 20 32 65 1 7 59 42 66 36 45 28 69 49 16 27 17 39 15 18 6 35 5 22 56 26 58 24 52 64 10 46 14 4 50 61 9 53 19 23 48 62 30 13 55 38 34 12 31 37 44 68 11 3 2 
77
77 18 60 1 44 29 56 49 39 59 17 46 54 2 15 27 3 35 22 68 36 38 21 4 55 24 30 40 75 67 14 19 16 26 11 69 74 62 76 12 41 51 31 48 65 34 25 63 57 64 9 28 66 20 73 13 42 32 61 43 70 47 45 33 7 5 8 50 37 71 23 53 72 10 52 6 58 
96
30 31 40 80 5 47 75 67 88 4 3 68 22 27 64 6 18 43 91 14 76 12 95 79 39 25 90 49 56 46 74 89 44 77 93 66 20 58 65 71 35 81 73 61 60 38 51 92 34 84 55 26 32 63 57 52 78 87 45 23 28 15 9 50 42 41 48 69 13 62 96 83 21 16 2 54 37 10 24 8 70 53 94 86 33 7 36 82 29 85 59 72 11 1 19 17 
35
25 32 12 5 14 9 20 10 24 8 2 29 33 17 13 7 4 35 18 27 31 1 22 11 15 6 21 34 23 19 30 26 28 16 3 
47
23 3 41 14 31 43 24 38 16 39 9 30 17 29 47 33 19 28 36 42 22 7 32 4 5 26 35 2 11 40 21 18 34 15 1 20 10 45 37 6 27 13 25 44 12 8 46 
30
2 7 3 8 24 25 14 29 28 6 26 27 10 5 18 16 4 19 20 1 12 22 17 23 21 30 13 9 11 15 
17
7 3 5 4 10 6 15 2 12 1 11 16 8 9 14 17 13 
44
41 28 27 6 13 7 5 26 39 17 24 43 25 1 31 15 8 44 3 38 32 30 33 10 42 35 9 16 18 29 4 21 22 11 34 2 23 36 20 37 40 19 12 14 
41
35 29 12 30 41 16 14 25 11 26 32 22 34 13 19 37 3 7 18 4 36 38 9 31 6 10 5 21 2 40 20 28 17 33 15 27 24 39 1 23 8 
47
33 43 39 6 34 29 7 41 5 21 24 30 28 2 16 25 47 14 36 45 18 11 3 42 23 8 9 38 10 19 40 1 35 27 13 4 46 17 44 32 26 20 31 12 15 22 37 
44
17 11 14 10 12 6 8 27 29 31 41 33 16 7 1 26 37 3 36 4 20 5 24 34 39 40 22 43 32 42 15 35 18 28 21 19 23 38 9 25 13 30 2 44 
40
18 12 26 36 2 29 32 11 24 27 7 35 9 22 39 1 23 10 34 38 28 16 13 33 5 20 31 17 15 6 4 19 14 30 25 40 3 8 21 37 
17
11 14 5 4 13 9 12 6 10 7 17 1 3 16 2 15 8 
60
43 13 57 9 27 32 25 55 35 48 19 24 45 49 33 16 60 1 22 18 56 21 50 23 47 20 11 46 10 59 53 28 52 31 26 8 3 7 37 2 44 17 15 6 54 12 4 41 40 5 42 34 51 29 38 30 36 58 14 39 
63
4 11 36 13 29 43 50 35 47 28 8 20 40 9 30 39 63 21 54 31 23 34 44 6 24 56 55 46 22 19 27 60 38 12 51 59 2 58 18 45 33 7 15 14 41 10 61 53 3 57 48 49 17 42 16 5 26 52 1 25 32 37 62 
26
8 24 23 5 25 19 1 21 20 6 11 7 12 13 9 3 15 10 22 17 16 2 18 14 4 26 
97
48 69 41 22 86 18 42 20 21 44 52 87 32 93 77 30 14 90 8 54 38 92 43 74 10 83 76 27 79 60 56 39 55 51 75 15 66 91 34 33 5 37 16 82 71 47 49 46 78 50 4 70 80 68 9 63 23 97 28 89 35 61 6 88 65 19 2 40 3 94 13 72 45 95 85 25 1 31 12 84 62 58 36 26 67 7 64 57 53 73 11 29 59 81 24 17 96 
51
2 4 33 7 11 45 1 24 6 42 49 10 39 23 25 13 50 44 17 19 14 35 18 26 34 29 27 28 48 43 36 41 20 8 47 3 37 21 31 30 12 32 5 22 15 38 51 9 40 46 16 
62
8 5 56 12 15 62 17 6 44 60 7 3 11 34 21 46 2 54 43 50 24 4 10 40 53 28 41 61 13 48 27 45 59 23 47 51 38 14 32 36 33 58 37 25 57 42 55 39 1 49 31 29 26 35 19 18 9 20 16 52 22 30 
4
1 2 4 3 
55
24 25 15 3 55 9 31 10 53 42 54 18 47 11 29 46 12 7 34 2 21 39 26 28 17 52 48 41 6 5 22 43 51 50 44 1 49 14 32 33 30 36 19 40 23 4 13 37 20 35 38 45 27 16 8 
45
4 11 19 33 40 42 18 5 10 27 41 31 3 13 9 6 39 37 35 20 16 32 44 36 30 25 2 1 26 29 28 14 21 24 12 34 38 22 43 45 23 7 15 8 17 
89
36 20 42 28 7 59 27 68 85 83 30 26 81 21 74 47 23 8 13 64 70 61 71 16 56 14 66 62 40 17 41 50 43 75 79 55 33 84 34 22 58 76 44 10 25 57 12 15 73 89 72 63 35 19 6 11 54 78 29 77 32 65 51 45 31 67 86 82 2 80 18 46 52 53 49 60 37 39 69 9 87 38 5 3 88 24 4 48 1 
44
24 38 40 3 30 41 34 21 20 5 15 35 9 18 39 8 22 14 6 43 31 16 1 2 12 13 19 36 26 33 32 27 10 42 44 4 29 25 7 23 11 37 28 17 
32
2 31 22 4 7 26 12 23 16 28 11 18 9 10 15 3 5 6 25 24 29 30 17 1 8 14 32 13 20 21 19 27 
58
4 7 24 47 37 22 11 42 50 28 53 45 10 32 27 38 18 58 48 55 1 35 23 41 15 25 51 3 9 52 29 17 33 5 16 36 2 44 46 56 54 34 26 40 13 21 6 8 19 31 20 14 30 12 57 49 39 43 
39
12 38 21 7 9 39 36 29 3 34 30 11 31 16 20 37 19 23 27 6 25 18 17 32 13 15 2 22 1 28 24 10 14 5 35 33 8 26 4 
57
45 44 19 33 31 42 28 39 37 40 29 7 27 51 24 15 9 21 54 20 49 3 25 56 48 4 52 46 14 16 11 12 41 13 6 22 34 50 43 18 55 5 8 2 30 26 53 38 23 35 57 17 32 10 36 1 47 
91
50 41 46 67 57 49 21 39 28 80 26 75 82 59 63 72 66 43 36 58 14 24 42 81 48 64 86 40 19 34 55 15 7 8 71 45 10 37 88 25 85 38 84 52 51 69 53 3 9 1 13 12 54 29 20 76 16 62 6 23 47 4 87 2 22 91 79 89 77 33 65 61 44 32 35 68 27 73 78 17 30 60 18 31 11 74 5 70 56 83 90 
74
2 58 41 38 1 42 70 31 23 13 44 30 59 11 49 62 7 46 25 69 32 71 64 67 37 45 56 20 68 21 43 54 12 65 22 55 47 61 53 57 4 52 50 33 39 40 10 74 14 3 29 19 15 51 26 24 73 36 16 9 34 8 66 35 17 48 6 18 5 72 27 28 60 63 
4
2 1 4 3 
97
56 65 47 73 52 9 35 41 58 94 12 4 93 2 45 84 38 72 87 90 31 79 37 26 95 14 29 88 53 74 40 80 83 68 21 55 86 64 43 34 23 15 91 28 48 1 33 67 7 51 11 32 96 85 76 10 25 60 30 13 22 3 8 81 59 20 62 78 54 36 6 17 5 44 50 49 66 89 82 39 24 61 71 77 46 97 75 57 27 18 16 63 92 69 19 70 42 
12
1 12 5 4 10 11 9 7 6 2 3 8 
52
7 28 30 21 40 12 6 16 11 29 47 32 31 26 15 18 42 19 2 4 27 5 50 25 8 13 43 36 46 34 24 48 45 23 39 52 33 41 22 44 20 51 9 14 10 49 1 37 17 3 38 35 
4
2 1 4 3 
57
51 39 21 25 45 3 41 44 1 55 10 50 19 12 28 24 43 48 17 57 26 16 13 53 20 6 47 18 23 14 31 11 27 30 4 5 38 29 46 9 34 52 32 54 37 35 15 56 33 36 8 42 49 22 2 7 40 